2
3
1
3
0
3
4
2
1
5
3
2
4
7
6
4
3
7
4
1
0
5
7
3
2
1
0
9
4
3
2
1
6
10
6
4
3
1
0
8
6
5
3
2
1
7
8
7
6
5
4
3
0
12
11
10
9
7
6
0
8
15
13
11
10
7
5
2
0
13
8
7
5
4
3
2
1
9
17
16
14
13
12
7
6
1
0
16
15
14
13
12
11
8
3
1
10
19
17
16
15
14
10
8
5
3
1
19
17
16
10
8
7
4
3
1
0
11
17
15
14
13
11
9
8
6
4
3
0
20
19
18
16
13
12
11
9
6
5
0
12
21
20
18
16
15
10
9
7
6
4
1
0
22
19
18
15
14
13
12
8
6
5
3
0
13
24
23
22
21
20
19
17
13
12
8
3
2
0
25
22
19
18
14
13
10
8
7
5
4
1
0
14
27
26
25
23
21
20
19
17
16
15
8
5
3
1
24
22
20
19
18
17
15
14
13
12
10
8
5
0
15
28
25
21
18
17
15
13
11
10
8
7
6
5
2
1
29
26
25
23
22
21
19
18
13
10
9
5
3
2
1
16
27
25
24
22
17
15
14
13
11
8
7
5
4
3
2
0
31
28
23
22
21
20
19
18
16
15
12
11
7
5
3
0
17
33
30
26
25
22
21
18
17
15
13
10
9
6
5
4
2
0
32
30
29
28
26
24
22
19
17
15
12
10
9
7
6
2
0
18
34
33
31
30
25
23
22
19
18
13
12
11
10
9
8
7
3
2
35
34
31
23
22
20
19
18
16
13
12
11
9
8
5
4
2
1
19
37
36
34
29
28
26
25
24
23
21
20
18
16
14
12
10
6
5
1
37
34
29
28
27
26
22
21
20
17
12
9
7
5
4
3
2
1
0
20
38
37
36
34
33
32
29
27
26
24
22
20
15
14
10
8
6
5
3
0
35
33
32
31
30
29
27
24
23
21
20
18
16
15
13
11
9
8
4
1
21
40
39
38
35
34
32
31
30
27
23
20
18
15
13
11
8
7
5
3
1
0
40
39
37
34
33
31
27
26
24
23
21
20
18
17
15
14
13
8
7
5
4
22
41
39
38
36
33
32
30
29
27
20
19
18
17
15
13
12
11
9
8
6
2
1
42
38
37
36
35
33
32
30
29
28
21
19
16
15
14
9
7
5
4
3
2
0
23
45
43
42
41
39
36
35
30
26
25
24
23
16
12
11
9
8
7
6
5
3
1
0
45
43
39
33
31
30
29
26
25
23
20
19
16
15
14
12
11
10
8
7
6
3
0
24
47
46
42
38
35
32
31
29
25
22
21
20
19
16
14
12
11
8
7
6
5
3
1
0
47
46
42
38
35
33
32
29
28
25
21
20
18
16
15
14
8
6
5
4
3
2
1
0
25
48
47
46
45
44
43
39
38
37
34
33
32
31
23
20
19
18
13
12
10
9
7
3
2
0
49
47
46
44
42
41
40
36
34
33
32
29
25
23
22
21
19
17
15
12
10
5
3
2
1
26
51
50
49
47
46
41
40
39
38
37
35
32
29
28
27
26
25
22
21
20
19
15
13
11
5
1
50
49
47
45
44
41
40
39
37
36
35
30
27
25
24
23
20
17
15
14
13
9
3
2
1
0
27
53
49
48
47
46
45
42
41
39
37
36
35
34
29
28
27
26
24
22
20
14
10
9
8
7
4
0
53
52
51
49
47
44
40
39
37
36
34
33
32
31
28
26
25
23
22
21
18
14
12
11
8
3
1
28
55
50
49
48
47
46
45
43
42
38
37
36
35
34
31
28
27
26
22
21
19
18
15
12
11
5
3
1
54
53
51
50
49
48
47
44
42
41
38
36
34
33
32
29
27
25
24
22
21
18
16
12
10
9
3
0
29
55
53
52
51
49
48
47
46
45
43
42
41
39
37
32
31
30
21
17
16
15
12
10
9
7
6
5
4
1
56
55
54
51
50
48
46
41
40
39
38
36
35
34
33
32
30
28
24
21
18
17
15
14
11
10
5
3
0
30
55
53
49
48
47
46
44
43
42
41
40
39
36
35
34
32
30
27
25
24
22
18
16
11
10
9
6
5
1
0
59
58
57
56
51
50
46
45
43
36
35
34
32
27
26
25
24
21
18
16
14
13
12
9
6
5
4
2
1
0
31
56
55
53
52
50
47
45
43
42
40
39
37
36
35
33
30
25
24
23
22
21
19
15
12
11
8
7
6
4
2
1
59
54
50
45
44
43
42
41
39
38
36
35
34
33
30
27
25
23
22
20
19
17
16
15
13
9
8
7
4
3
1
32
63
61
60
58
56
54
50
46
44
43
40
37
36
33
32
30
28
26
25
21
20
19
17
14
13
12
11
5
4
3
2
0
62
61
60
54
52
51
50
47
46
43
40
38
37
36
33
26
25
24
21
20
19
18
17
16
14
13
11
10
9
5
3
1
33
65
64
59
57
56
55
54
52
51
50
45
44
40
39
38
36
34
33
32
29
28
26
24
14
12
11
10
9
8
4
3
2
1
65
63
62
60
59
54
53
52
51
50
48
47
45
44
43
42
36
33
31
28
27
21
19
17
15
14
13
12
11
9
7
6
0
34
66
64
63
60
58
55
54
53
52
50
47
46
43
40
37
35
34
32
31
30
29
28
27
24
23
16
13
10
7
6
5
3
2
1
67
64
61
59
58
56
53
51
49
48
46
43
42
41
38
37
32
30
29
27
25
24
23
22
18
17
15
14
12
11
8
6
4
1
35
68
67
66
65
63
61
59
58
57
56
54
52
47
46
44
42
39
38
36
35
33
28
25
21
19
16
11
9
8
7
6
4
3
2
1
69
68
67
66
62
61
59
57
51
49
48
45
44
43
42
38
36
35
34
31
30
29
28
26
20
19
16
14
13
9
7
6
5
2
0
36
71
69
67
64
62
61
60
59
58
57
56
55
54
53
52
49
48
47
42
39
35
32
30
26
25
24
23
22
21
19
18
16
14
7
6
3
71
68
65
62
60
59
58
56
55
54
47
45
44
43
41
40
39
35
34
33
32
31
29
28
26
25
24
19
18
17
13
10
4
3
1
0
37
72
71
70
68
67
66
65
63
62
61
57
53
48
44
41
39
37
36
35
34
32
31
25
24
23
22
20
17
15
14
13
11
6
5
4
2
0
73
72
71
70
67
65
63
62
57
56
54
52
51
49
48
47
46
44
42
35
34
32
30
29
26
25
24
23
18
17
16
12
11
7
6
4
3
38
74
73
72
69
67
65
64
62
59
58
55
54
53
52
49
45
44
37
35
34
32
31
30
29
24
22
20
19
18
17
11
9
8
7
5
3
2
0
75
71
70
68
66
64
63
62
60
59
56
55
53
52
51
50
49
48
47
45
43
42
41
38
37
32
31
29
25
21
18
16
14
12
10
5
3
1
39
75
74
72
69
68
67
65
61
60
59
58
57
53
48
45
44
42
41
39
38
34
33
32
30
28
26
25
24
23
20
18
17
16
14
7
5
4
3
1
76
75
73
67
66
64
63
59
58
55
54
51
50
48
47
46
40
39
38
37
33
31
30
27
25
23
22
20
19
18
17
16
14
12
11
10
9
8
2
40
79
78
77
74
73
72
70
68
67
66
63
62
59
56
55
54
51
48
44
43
42
41
38
37
35
32
31
26
24
16
14
13
12
10
8
7
5
4
3
0
78
77
75
72
71
69
68
66
64
63
61
60
59
57
54
53
52
51
44
43
41
38
34
29
27
26
24
23
21
19
17
16
14
13
12
9
8
4
2
0
41
80
78
74
70
68
67
66
64
62
61
59
58
57
55
51
49
45
43
42
39
37
36
35
34
33
32
27
24
23
21
19
17
16
15
14
12
9
8
4
3
0
79
78
77
76
75
72
71
69
68
60
59
58
55
48
47
45
44
40
38
36
33
31
30
28
27
26
25
24
23
21
20
19
17
13
12
9
8
7
3
2
0
42
80
77
76
72
68
66
65
64
61
59
56
55
54
53
52
51
50
48
47
44
43
42
41
40
39
38
35
33
30
26
24
22
21
18
16
11
10
8
7
6
4
1
82
80
77
76
73
72
71
68
65
64
61
59
56
53
52
50
48
47
44
43
41
39
38
37
36
32
30
28
26
24
21
19
16
15
14
12
11
9
8
6
5
1
43
85
83
82
80
77
76
74
71
69
67
65
64
63
60
59
53
50
42
41
40
38
37
35
33
30
29
28
26
25
23
22
21
19
16
14
13
9
8
5
4
3
2
0
85
84
83
78
76
73
70
68
67
65
62
61
60
59
58
56
55
54
52
45
40
36
34
33
32
31
29
28
27
25
23
22
16
15
14
12
6
5
4
3
2
1
0
44
86
83
82
79
77
73
68
67
62
61
59
58
57
55
54
53
49
48
47
46
41
40
39
37
36
33
32
30
29
27
26
23
22
20
17
16
15
13
12
8
4
2
1
0
87
85
82
80
77
72
71
70
69
68
67
65
64
63
62
60
59
57
56
55
54
53
52
50
46
44
41
40
38
36
34
33
31
29
25
24
22
19
16
14
10
7
5
4
45
86
85
83
82
81
79
78
76
73
70
67
65
64
60
59
58
57
56
55
54
52
51
48
46
45
44
40
38
36
31
30
27
20
19
17
15
14
8
7
5
4
3
2
1
0
89
88
87
86
85
83
82
81
79
77
74
72
71
70
68
67
64
60
59
55
53
51
50
49
47
46
45
44
42
39
35
29
28
24
22
18
16
14
13
10
8
7
4
3
0
46
88
87
86
84
83
81
80
79
74
72
68
67
66
65
64
63
60
57
54
53
52
49
48
44
40
39
38
37
35
32
30
28
26
25
21
20
19
15
14
11
10
9
8
3
2
1
91
90
87
86
80
79
76
73
71
70
69
68
67
66
65
60
59
58
57
54
51
49
47
44
39
36
35
34
33
31
30
29
26
25
22
21
18
17
16
15
10
7
5
3
2
1
47
93
91
90
89
84
80
79
74
73
70
69
67
66
64
61
58
57
55
53
52
51
49
48
42
40
39
37
36
34
33
31
27
24
23
22
21
18
17
15
14
12
11
9
8
5
4
0
93
90
85
83
82
80
78
77
76
71
70
69
63
61
60
58
57
56
52
50
43
42
41
38
37
35
32
31
27
26
24
22
21
19
17
16
15
14
13
12
11
10
9
6
5
3
2
48
93
92
91
90
89
88
86
85
84
79
75
74
73
72
71
66
62
60
58
57
55
54
48
46
44
41
39
38
35
34
33
32
29
26
24
20
19
18
17
16
13
10
8
7
5
4
3
0
95
92
91
90
89
88
87
86
84
83
82
81
75
74
73
69
68
67
66
64
62
60
59
58
57
56
55
51
46
44
35
34
31
27
26
25
24
23
22
19
16
14
12
8
6
5
2
1
49
94
90
89
84
82
80
79
77
75
72
71
68
67
65
63
61
58
57
56
54
50
49
46
45
44
38
35
34
33
32
31
30
28
27
25
24
23
21
14
13
12
11
10
9
8
4
2
1
0
97
93
92
91
90
89
88
87
85
82
79
77
75
73
72
69
66
65
63
61
60
57
54
53
49
48
45
44
42
41
39
38
36
35
33
31
29
27
26
21
16
13
11
10
8
7
3
1
0
50
99
94
91
90
86
80
79
78
76
75
74
72
71
70
69
60
59
58
57
54
51
49
46
45
44
43
42
40
39
36
34
32
31
30
29
28
27
25
24
23
22
20
19
16
15
14
13
12
4
0
98
97
93
91
86
85
83
82
80
78
77
74
73
70
69
68
66
64
61
60
58
56
55
54
51
50
45
44
42
40
36
32
31
30
29
28
26
21
20
17
16
14
13
11
9
8
5
4
2
0
51
99
98
97
96
94
93
89
88
86
85
82
79
78
77
76
74
72
71
65
64
62
61
60
59
56
55
52
51
50
47
41
38
37
36
32
31
29
26
21
20
17
16
15
14
12
9
8
7
5
3
2
98
95
94
93
91
90
89
87
86
85
84
83
81
80
76
75
71
67
65
64
62
61
59
56
55
54
53
51
50
46
44
43
42
39
37
36
35
30
26
25
16
15
10
9
8
6
5
3
2
1
0
0