1 0
2 2
3 3
4 4
5 4
6 5
7 5
8 6
9 5
10 6
11 6
12 7
13 6
14 7
15 7
16 8
17 6
18 7
19 7
20 8
21 7
22 8
23 8
24 9
25 7
26 8
27 8
28 9
29 8
30 9
31 9
32 10
33 7
34 8
35 8
36 9
37 8
38 9
39 9
40 10
41 8
42 9
43 9
44 10
45 9
46 10
47 10
48 11
49 8
50 9
51 9
52 10
53 9
54 10
55 10
56 11
57 9
58 10
59 10
60 11
61 10
62 11
63 11
64 12
65 8
66 9
67 9
68 10
69 9
70 10
71 10
72 11
73 9
74 10
75 10
76 11
77 10
78 11
79 11
80 12
81 9
82 10
83 10
84 11
85 10
86 11
87 11
88 12
89 10
90 11
91 11
92 12
93 11
94 12
95 12
96 13
97 9
98 10
99 10
100 11
101 10
102 11
103 11
104 12
105 10
106 11
107 11
108 12
109 11
110 12
111 12
112 13
113 10
114 11
115 11
116 12
117 11
118 12
119 12
120 13
121 11
122 12
123 12
124 13
125 12
126 13
127 13
128 14
129 9
130 10
131 10
132 11
133 10
134 11
135 11
136 12
137 10
138 11
139 11
140 12
141 11
142 12
143 12
144 13
145 10
146 11
147 11
148 12
149 11
150 12
151 12
152 13
153 11
154 12
155 12
156 13
157 12
158 13
159 13
160 14
161 10
162 11
163 11
164 12
165 11
166 12
167 12
168 13
169 11
170 12
171 12
172 13
173 12
174 13
175 13
176 14
177 11
178 12
179 12
180 13
181 12
182 13
183 13
184 14
185 12
186 13
187 13
188 14
189 13
190 14
191 14
192 15
193 10
194 11
195 11
196 12
197 11
198 12
199 12
200 13
201 11
202 12
203 12
204 13
205 12
206 13
207 13
208 14
209 11
210 12
211 12
212 13
213 12
214 13
215 13
216 14
217 12
218 13
219 13
220 14
221 13
222 14
223 14
224 15
225 11
226 12
227 12
228 13
229 12
230 13
231 13
232 14
233 12
234 13
235 13
236 14
237 13
238 14
239 14
240 15
241 12
242 13
243 13
244 14
245 13
246 14
247 14
248 15
249 13
250 14
251 14
252 15
253 14
254 15
255 15
256 16
257 10
258 11
259 11
260 12
261 11
262 12
263 12
264 13
265 11
266 12
267 12
268 13
269 12
270 13
271 13
272 14
273 11
274 12
275 12
276 13
277 12
278 13
279 13
280 14
281 12
282 13
283 13
284 14
285 13
286 14
287 14
288 15
289 11
290 12
291 12
292 13
293 12
294 13
295 13
296 14
297 12
298 13
299 13
300 14
301 13
302 14
303 14
304 15
305 12
306 13
307 13
308 14
309 13
310 14
311 14
312 15
313 13
314 14
315 14
316 15
317 14
318 15
319 15
320 16
321 11
322 12
323 12
324 13
325 12
326 13
327 13
328 14
329 12
330 13
331 13
332 14
333 13
334 14
335 14
336 15
337 12
338 13
339 13
340 14
341 13
342 14
343 14
344 15
345 13
346 14
347 14
348 15
349 14
350 15
351 15
352 16
353 12
354 13
355 13
356 14
357 13
358 14
359 14
360 15
361 13
362 14
363 14
364 15
365 14
366 15
367 15
368 16
369 13
370 14
371 14
372 15
373 14
374 15
375 15
376 16
377 14
378 15
379 15
380 16
381 15
382 16
383 16
384 17
385 11
386 12
387 12
388 13
389 12
390 13
391 13
392 14
393 12
394 13
395 13
396 14
397 13
398 14
399 14
400 15
401 12
402 13
403 13
404 14
405 13
406 14
407 14
408 15
409 13
410 14
411 14
412 15
413 14
414 15
415 15
416 16
417 12
418 13
419 13
420 14
421 13
422 14
423 14
424 15
425 13
426 14
427 14
428 15
429 14
430 15
431 15
432 16
433 13
434 14
435 14
436 15
437 14
438 15
439 15
440 16
441 14
442 15
443 15
444 16
445 15
446 16
447 16
448 17
449 12
450 13
451 13
452 14
453 13
454 14
455 14
456 15
457 13
458 14
459 14
460 15
461 14
462 15
463 15
464 16
465 13
466 14
467 14
468 15
469 14
470 15
471 15
472 16
473 14
474 15
475 15
476 16
477 15
478 16
479 16
480 17
481 13
482 14
483 14
484 15
485 14
486 15
487 15
488 16
489 14
490 15
491 15
492 16
493 15
494 16
495 16
496 17
497 14
498 15
499 15
500 16
501 15
502 16
503 16
504 17
505 15
506 16
507 16
508 17
509 16
510 17
511 17
512 18
513 11
514 12
515 12
516 13
517 12
518 13
519 13
520 14
521 12
522 13
523 13
524 14
525 13
526 14
527 14
528 15
529 12
530 13
531 13
532 14
533 13
534 14
535 14
536 15
537 13
538 14
539 14
540 15
541 14
542 15
543 15
544 16
545 12
546 13
547 13
548 14
549 13
550 14
551 14
552 15
553 13
554 14
555 14
556 15
557 14
558 15
559 15
560 16
561 13
562 14
563 14
564 15
565 14
566 15
567 15
568 16
569 14
570 15
571 15
572 16
573 15
574 16
575 16
576 17
577 12
578 13
579 13
580 14
581 13
582 14
583 14
584 15
585 13
586 14
587 14
588 15
589 14
590 15
591 15
592 16
593 13
594 14
595 14
596 15
597 14
598 15
599 15
600 16
601 14
602 15
603 15
604 16
605 15
606 16
607 16
608 17
609 13
610 14
611 14
612 15
613 14
614 15
615 15
616 16
617 14
618 15
619 15
620 16
621 15
622 16
623 16
624 17
625 14
626 15
627 15
628 16
629 15
630 16
631 16
632 17
633 15
634 16
635 16
636 17
637 16
638 17
639 17
640 18
641 12
642 13
643 13
644 14
645 13
646 14
647 14
648 15
649 13
650 14
651 14
652 15
653 14
654 15
655 15
656 16
657 13
658 14
659 14
660 15
661 14
662 15
663 15
664 16
665 14
666 15
667 15
668 16
669 15
670 16
671 16
672 17
673 13
674 14
675 14
676 15
677 14
678 15
679 15
680 16
681 14
682 15
683 15
684 16
685 15
686 16
687 16
688 17
689 14
690 15
691 15
692 16
693 15
694 16
695 16
696 17
697 15
698 16
699 16
700 17
701 16
702 17
703 17
704 18
705 13
706 14
707 14
708 15
709 14
710 15
711 15
712 16
713 14
714 15
715 15
716 16
717 15
718 16
719 16
720 17
721 14
722 15
723 15
724 16
725 15
726 16
727 16
728 17
729 15
730 16
731 16
732 17
733 16
734 17
735 17
736 18
737 14
738 15
739 15
740 16
741 15
742 16
743 16
744 17
745 15
746 16
747 16
748 17
749 16
750 17
751 17
752 18
753 15
754 16
755 16
756 17
757 16
758 17
759 17
760 18
761 16
762 17
763 17
764 18
765 17
766 18
767 18
768 19
769 12
770 13
771 13
772 14
773 13
774 14
775 14
776 15
777 13
778 14
779 14
780 15
781 14
782 15
783 15
784 16
785 13
786 14
787 14
788 15
789 14
790 15
791 15
792 16
793 14
794 15
795 15
796 16
797 15
798 16
799 16
800 17
801 13
802 14
803 14
804 15
805 14
806 15
807 15
808 16
809 14
810 15
811 15
812 16
813 15
814 16
815 16
816 17
817 14
818 15
819 15
820 16
821 15
822 16
823 16
824 17
825 15
826 16
827 16
828 17
829 16
830 17
831 17
832 18
833 13
834 14
835 14
836 15
837 14
838 15
839 15
840 16
841 14
842 15
843 15
844 16
845 15
846 16
847 16
848 17
849 14
850 15
851 15
852 16
853 15
854 16
855 16
856 17
857 15
858 16
859 16
860 17
861 16
862 17
863 17
864 18
865 14
866 15
867 15
868 16
869 15
870 16
871 16
872 17
873 15
874 16
875 16
876 17
877 16
878 17
879 17
880 18
881 15
882 16
883 16
884 17
885 16
886 17
887 17
888 18
889 16
890 17
891 17
892 18
893 17
894 18
895 18
896 19
897 13
898 14
899 14
900 15
901 14
902 15
903 15
904 16
905 14
906 15
907 15
908 16
909 15
910 16
911 16
912 17
913 14
914 15
915 15
916 16
917 15
918 16
919 16
920 17
921 15
922 16
923 16
924 17
925 16
926 17
927 17
928 18
929 14
930 15
931 15
932 16
933 15
934 16
935 16
936 17
937 15
938 16
939 16
940 17
941 16
942 17
943 17
944 18
945 15
946 16
947 16
948 17
949 16
950 17
951 17
952 18
953 16
954 17
955 17
956 18
957 17
958 18
959 18
960 19
961 14
962 15
963 15
964 16
965 15
966 16
967 16
968 17
969 15
970 16
971 16
972 17
973 16
974 17
975 17
976 18
977 15
978 16
979 16
980 17
981 16
982 17
983 17
984 18
985 16
986 17
987 17
988 18
989 17
990 18
991 18
992 19
993 15
994 16
995 16
996 17
997 16
998 17
999 17
1000 18
1001 16
1002 17
1003 17
1004 18
1005 17
1006 18
1007 18
1008 19
1009 16
1010 17
1011 17
1012 18
1013 17
1014 18
1015 18
1016 19
1017 17
1018 18
1019 18
1020 19
1021 18
1022 19
1023 19
1024 20
1025 12
1026 13
1027 13
1028 14
1029 13
1030 14
1031 14
1032 15
1033 13
1034 14
1035 14
1036 15
1037 14
1038 15
1039 15
1040 16
1041 13
1042 14
1043 14
1044 15
1045 14
1046 15
1047 15
1048 16
1049 14
1050 15
1051 15
1052 16
1053 15
1054 16
1055 16
1056 17
1057 13
1058 14
1059 14
1060 15
1061 14
1062 15
1063 15
1064 16
1065 14
1066 15
1067 15
1068 16
1069 15
1070 16
1071 16
1072 17
1073 14
1074 15
1075 15
1076 16
1077 15
1078 16
1079 16
1080 17
1081 15
1082 16
1083 16
1084 17
1085 16
1086 17
1087 17
1088 18
1089 13
1090 14
1091 14
1092 15
1093 14
1094 15
1095 15
1096 16
1097 14
1098 15
1099 15
1100 16
1101 15
1102 16
1103 16
1104 17
1105 14
1106 15
1107 15
1108 16
1109 15
1110 16
1111 16
1112 17
1113 15
1114 16
1115 16
1116 17
1117 16
1118 17
1119 17
1120 18
1121 14
1122 15
1123 15
1124 16
1125 15
1126 16
1127 16
1128 17
1129 15
1130 16
1131 16
1132 17
1133 16
1134 17
1135 17
1136 18
1137 15
1138 16
1139 16
1140 17
1141 16
1142 17
1143 17
1144 18
1145 16
1146 17
1147 17
1148 18
1149 17
1150 18
1151 18
1152 19
1153 13
1154 14
1155 14
1156 15
1157 14
1158 15
1159 15
1160 16
1161 14
1162 15
1163 15
1164 16
1165 15
1166 16
1167 16
1168 17
1169 14
1170 15
1171 15
1172 16
1173 15
1174 16
1175 16
1176 17
1177 15
1178 16
1179 16
1180 17
1181 16
1182 17
1183 17
1184 18
1185 14
1186 15
1187 15
1188 16
1189 15
1190 16
1191 16
1192 17
1193 15
1194 16
1195 16
1196 17
1197 16
1198 17
1199 17
1200 18
1201 15
1202 16
1203 16
1204 17
1205 16
1206 17
1207 17
1208 18
1209 16
1210 17
1211 17
1212 18
1213 17
1214 18
1215 18
1216 19
1217 14
1218 15
1219 15
1220 16
1221 15
1222 16
1223 16
1224 17
1225 15
1226 16
1227 16
1228 17
1229 16
1230 17
1231 17
1232 18
1233 15
1234 16
1235 16
1236 17
1237 16
1238 17
1239 17
1240 18
1241 16
1242 17
1243 17
1244 18
1245 17
1246 18
1247 18
1248 19
1249 15
1250 16
1251 16
1252 17
1253 16
1254 17
1255 17
1256 18
1257 16
1258 17
1259 17
1260 18
1261 17
1262 18
1263 18
1264 19
1265 16
1266 17
1267 17
1268 18
1269 17
1270 18
1271 18
1272 19
1273 17
1274 18
1275 18
1276 19
1277 18
1278 19
1279 19
1280 20
1281 13
1282 14
1283 14
1284 15
1285 14
1286 15
1287 15
1288 16
1289 14
1290 15
1291 15
1292 16
1293 15
1294 16
1295 16
1296 17
1297 14
1298 15
1299 15
1300 16
1301 15
1302 16
1303 16
1304 17
1305 15
1306 16
1307 16
1308 17
1309 16
1310 17
1311 17
1312 18
1313 14
1314 15
1315 15
1316 16
1317 15
1318 16
1319 16
1320 17
1321 15
1322 16
1323 16
1324 17
1325 16
1326 17
1327 17
1328 18
1329 15
1330 16
1331 16
1332 17
1333 16
1334 17
1335 17
1336 18
1337 16
1338 17
1339 17
1340 18
1341 17
1342 18
1343 18
1344 19
1345 14
1346 15
1347 15
1348 16
1349 15
1350 16
1351 16
1352 17
1353 15
1354 16
1355 16
1356 17
1357 16
1358 17
1359 17
1360 18
1361 15
1362 16
1363 16
1364 17
1365 16
1366 17
1367 17
1368 18
1369 16
1370 17
1371 17
1372 18
1373 17
1374 18
1375 18
1376 19
1377 15
1378 16
1379 16
1380 17
1381 16
1382 17
1383 17
1384 18
1385 16
1386 17
1387 17
1388 18
1389 17
1390 18
1391 18
1392 19
1393 16
1394 17
1395 17
1396 18
1397 17
1398 18
1399 18
1400 19
1401 17
1402 18
1403 18
1404 19
1405 18
1406 19
1407 19
1408 20
1409 14
1410 15
1411 15
1412 16
1413 15
1414 16
1415 16
1416 17
1417 15
1418 16
1419 16
1420 17
1421 16
1422 17
1423 17
1424 18
1425 15
1426 16
1427 16
1428 17
1429 16
1430 17
1431 17
1432 18
1433 16
1434 17
1435 17
1436 18
1437 17
1438 18
1439 18
1440 19
1441 15
1442 16
1443 16
1444 17
1445 16
1446 17
1447 17
1448 18
1449 16
1450 17
1451 17
1452 18
1453 17
1454 18
1455 18
1456 19
1457 16
1458 17
1459 17
1460 18
1461 17
1462 18
1463 18
1464 19
1465 17
1466 18
1467 18
1468 19
1469 18
1470 19
1471 19
1472 20
1473 15
1474 16
1475 16
1476 17
1477 16
1478 17
1479 17
1480 18
1481 16
1482 17
1483 17
1484 18
1485 17
1486 18
1487 18
1488 19
1489 16
1490 17
1491 17
1492 18
1493 17
1494 18
1495 18
1496 19
1497 17
1498 18
1499 18
1500 19
1501 18
1502 19
1503 19
1504 20
1505 16
1506 17
1507 17
1508 18
1509 17
1510 18
1511 18
1512 19
1513 17
1514 18
1515 18
1516 19
1517 18
1518 19
1519 19
1520 20
1521 17
1522 18
1523 18
1524 19
1525 18
1526 19
1527 19
1528 20
1529 18
1530 19
1531 19
1532 20
1533 19
1534 20
1535 20
1536 21
1537 13
1538 14
1539 14
1540 15
1541 14
1542 15
1543 15
1544 16
1545 14
1546 15
1547 15
1548 16
1549 15
1550 16
1551 16
1552 17
1553 14
1554 15
1555 15
1556 16
1557 15
1558 16
1559 16
1560 17
1561 15
1562 16
1563 16
1564 17
1565 16
1566 17
1567 17
1568 18
1569 14
1570 15
1571 15
1572 16
1573 15
1574 16
1575 16
1576 17
1577 15
1578 16
1579 16
1580 17
1581 16
1582 17
1583 17
1584 18
1585 15
1586 16
1587 16
1588 17
1589 16
1590 17
1591 17
1592 18
1593 16
1594 17
1595 17
1596 18
1597 17
1598 18
1599 18
1600 19
1601 14
1602 15
1603 15
1604 16
1605 15
1606 16
1607 16
1608 17
1609 15
1610 16
1611 16
1612 17
1613 16
1614 17
1615 17
1616 18
1617 15
1618 16
1619 16
1620 17
1621 16
1622 17
1623 17
1624 18
1625 16
1626 17
1627 17
1628 18
1629 17
1630 18
1631 18
1632 19
1633 15
1634 16
1635 16
1636 17
1637 16
1638 17
1639 17
1640 18
1641 16
1642 17
1643 17
1644 18
1645 17
1646 18
1647 18
1648 19
1649 16
1650 17
1651 17
1652 18
1653 17
1654 18
1655 18
1656 19
1657 17
1658 18
1659 18
1660 19
1661 18
1662 19
1663 19
1664 20
1665 14
1666 15
1667 15
1668 16
1669 15
1670 16
1671 16
1672 17
1673 15
1674 16
1675 16
1676 17
1677 16
1678 17
1679 17
1680 18
1681 15
1682 16
1683 16
1684 17
1685 16
1686 17
1687 17
1688 18
1689 16
1690 17
1691 17
1692 18
1693 17
1694 18
1695 18
1696 19
1697 15
1698 16
1699 16
1700 17
1701 16
1702 17
1703 17
1704 18
1705 16
1706 17
1707 17
1708 18
1709 17
1710 18
1711 18
1712 19
1713 16
1714 17
1715 17
1716 18
1717 17
1718 18
1719 18
1720 19
1721 17
1722 18
1723 18
1724 19
1725 18
1726 19
1727 19
1728 20
1729 15
1730 16
1731 16
1732 17
1733 16
1734 17
1735 17
1736 18
1737 16
1738 17
1739 17
1740 18
1741 17
1742 18
1743 18
1744 19
1745 16
1746 17
1747 17
1748 18
1749 17
1750 18
1751 18
1752 19
1753 17
1754 18
1755 18
1756 19
1757 18
1758 19
1759 19
1760 20
1761 16
1762 17
1763 17
1764 18
1765 17
1766 18
1767 18
1768 19
1769 17
1770 18
1771 18
1772 19
1773 18
1774 19
1775 19
1776 20
1777 17
1778 18
1779 18
1780 19
1781 18
1782 19
1783 19
1784 20
1785 18
1786 19
1787 19
1788 20
1789 19
1790 20
1791 20
1792 21
1793 14
1794 15
1795 15
1796 16
1797 15
1798 16
1799 16
1800 17
1801 15
1802 16
1803 16
1804 17
1805 16
1806 17
1807 17
1808 18
1809 15
1810 16
1811 16
1812 17
1813 16
1814 17
1815 17
1816 18
1817 16
1818 17
1819 17
1820 18
1821 17
1822 18
1823 18
1824 19
1825 15
1826 16
1827 16
1828 17
1829 16
1830 17
1831 17
1832 18
1833 16
1834 17
1835 17
1836 18
1837 17
1838 18
1839 18
1840 19
1841 16
1842 17
1843 17
1844 18
1845 17
1846 18
1847 18
1848 19
1849 17
1850 18
1851 18
1852 19
1853 18
1854 19
1855 19
1856 20
1857 15
1858 16
1859 16
1860 17
1861 16
1862 17
1863 17
1864 18
1865 16
1866 17
1867 17
1868 18
1869 17
1870 18
1871 18
1872 19
1873 16
1874 17
1875 17
1876 18
1877 17
1878 18
1879 18
1880 19
1881 17
1882 18
1883 18
1884 19
1885 18
1886 19
1887 19
1888 20
1889 16
1890 17
1891 17
1892 18
1893 17
1894 18
1895 18
1896 19
1897 17
1898 18
1899 18
1900 19
1901 18
1902 19
1903 19
1904 20
1905 17
1906 18
1907 18
1908 19
1909 18
1910 19
1911 19
1912 20
1913 18
1914 19
1915 19
1916 20
1917 19
1918 20
1919 20
1920 21
1921 15
1922 16
1923 16
1924 17
1925 16
1926 17
1927 17
1928 18
1929 16
1930 17
1931 17
1932 18
1933 17
1934 18
1935 18
1936 19
1937 16
1938 17
1939 17
1940 18
1941 17
1942 18
1943 18
1944 19
1945 17
1946 18
1947 18
1948 19
1949 18
1950 19
1951 19
1952 20
1953 16
1954 17
1955 17
1956 18
1957 17
1958 18
1959 18
1960 19
1961 17
1962 18
1963 18
1964 19
1965 18
1966 19
1967 19
1968 20
1969 17
1970 18
1971 18
1972 19
1973 18
1974 19
1975 19
1976 20
1977 18
1978 19
1979 19
1980 20
1981 19
1982 20
1983 20
1984 21
1985 16
1986 17
1987 17
1988 18
1989 17
1990 18
1991 18
1992 19
1993 17
1994 18
1995 18
1996 19
1997 18
1998 19
1999 19
2000 20
2001 17
2002 18
2003 18
2004 19
2005 18
2006 19
2007 19
2008 20
2009 18
2010 19
2011 19
2012 20
2013 19
2014 20
2015 20
2016 21
2017 17
2018 18
2019 18
2020 19
2021 18
2022 19
2023 19
2024 20
2025 18
2026 19
2027 19
2028 20
2029 19
2030 20
2031 20
2032 21
2033 18
2034 19
2035 19
2036 20
2037 19
2038 20
2039 20
2040 21
2041 19
2042 20
2043 20
2044 21
2045 20
2046 21
2047 21
2048 22
2049 13
2050 14
2051 14
2052 15
2053 14
2054 15
2055 15
2056 16
2057 14
2058 15
2059 15
2060 16
2061 15
2062 16
2063 16
2064 17
2065 14
2066 15
2067 15
2068 16
2069 15
2070 16
2071 16
2072 17
2073 15
2074 16
2075 16
2076 17
2077 16
2078 17
2079 17
2080 18
2081 14
2082 15
2083 15
2084 16
2085 15
2086 16
2087 16
2088 17
2089 15
2090 16
2091 16
2092 17
2093 16
2094 17
2095 17
2096 18
2097 15
2098 16
2099 16
2100 17
2101 16
2102 17
2103 17
2104 18
2105 16
2106 17
2107 17
2108 18
2109 17
2110 18
2111 18
2112 19
2113 14
2114 15
2115 15
2116 16
2117 15
2118 16
2119 16
2120 17
2121 15
2122 16
2123 16
2124 17
2125 16
2126 17
2127 17
2128 18
2129 15
2130 16
2131 16
2132 17
2133 16
2134 17
2135 17
2136 18
2137 16
2138 17
2139 17
2140 18
2141 17
2142 18
2143 18
2144 19
2145 15
2146 16
2147 16
2148 17
2149 16
2150 17
2151 17
2152 18
2153 16
2154 17
2155 17
2156 18
2157 17
2158 18
2159 18
2160 19
2161 16
2162 17
2163 17
2164 18
2165 17
2166 18
2167 18
2168 19
2169 17
2170 18
2171 18
2172 19
2173 18
2174 19
2175 19
2176 20
2177 14
2178 15
2179 15
2180 16
2181 15
2182 16
2183 16
2184 17
2185 15
2186 16
2187 16
2188 17
2189 16
2190 17
2191 17
2192 18
2193 15
2194 16
2195 16
2196 17
2197 16
2198 17
2199 17
2200 18
2201 16
2202 17
2203 17
2204 18
2205 17
2206 18
2207 18
2208 19
2209 15
2210 16
2211 16
2212 17
2213 16
2214 17
2215 17
2216 18
2217 16
2218 17
2219 17
2220 18
2221 17
2222 18
2223 18
2224 19
2225 16
2226 17
2227 17
2228 18
2229 17
2230 18
2231 18
2232 19
2233 17
2234 18
2235 18
2236 19
2237 18
2238 19
2239 19
2240 20
2241 15
2242 16
2243 16
2244 17
2245 16
2246 17
2247 17
2248 18
2249 16
2250 17
2251 17
2252 18
2253 17
2254 18
2255 18
2256 19
2257 16
2258 17
2259 17
2260 18
2261 17
2262 18
2263 18
2264 19
2265 17
2266 18
2267 18
2268 19
2269 18
2270 19
2271 19
2272 20
2273 16
2274 17
2275 17
2276 18
2277 17
2278 18
2279 18
2280 19
2281 17
2282 18
2283 18
2284 19
2285 18
2286 19
2287 19
2288 20
2289 17
2290 18
2291 18
2292 19
2293 18
2294 19
2295 19
2296 20
2297 18
2298 19
2299 19
2300 20
2301 19
2302 20
2303 20
2304 21
2305 14
2306 15
2307 15
2308 16
2309 15
2310 16
2311 16
2312 17
2313 15
2314 16
2315 16
2316 17
2317 16
2318 17
2319 17
2320 18
2321 15
2322 16
2323 16
2324 17
2325 16
2326 17
2327 17
2328 18
2329 16
2330 17
2331 17
2332 18
2333 17
2334 18
2335 18
2336 19
2337 15
2338 16
2339 16
2340 17
2341 16
2342 17
2343 17
2344 18
2345 16
2346 17
2347 17
2348 18
2349 17
2350 18
2351 18
2352 19
2353 16
2354 17
2355 17
2356 18
2357 17
2358 18
2359 18
2360 19
2361 17
2362 18
2363 18
2364 19
2365 18
2366 19
2367 19
2368 20
2369 15
2370 16
2371 16
2372 17
2373 16
2374 17
2375 17
2376 18
2377 16
2378 17
2379 17
2380 18
2381 17
2382 18
2383 18
2384 19
2385 16
2386 17
2387 17
2388 18
2389 17
2390 18
2391 18
2392 19
2393 17
2394 18
2395 18
2396 19
2397 18
2398 19
2399 19
2400 20
2401 16
2402 17
2403 17
2404 18
2405 17
2406 18
2407 18
2408 19
2409 17
2410 18
2411 18
2412 19
2413 18
2414 19
2415 19
2416 20
2417 17
2418 18
2419 18
2420 19
2421 18
2422 19
2423 19
2424 20
2425 18
2426 19
2427 19
2428 20
2429 19
2430 20
2431 20
2432 21
2433 15
2434 16
2435 16
2436 17
2437 16
2438 17
2439 17
2440 18
2441 16
2442 17
2443 17
2444 18
2445 17
2446 18
2447 18
2448 19
2449 16
2450 17
2451 17
2452 18
2453 17
2454 18
2455 18
2456 19
2457 17
2458 18
2459 18
2460 19
2461 18
2462 19
2463 19
2464 20
2465 16
2466 17
2467 17
2468 18
2469 17
2470 18
2471 18
2472 19
2473 17
2474 18
2475 18
2476 19
2477 18
2478 19
2479 19
2480 20
2481 17
2482 18
2483 18
2484 19
2485 18
2486 19
2487 19
2488 20
2489 18
2490 19
2491 19
2492 20
2493 19
2494 20
2495 20
2496 21
2497 16
2498 17
2499 17
2500 18
2501 17
2502 18
2503 18
2504 19
2505 17
2506 18
2507 18
2508 19
2509 18
2510 19
2511 19
2512 20
2513 17
2514 18
2515 18
2516 19
2517 18
2518 19
2519 19
2520 20
2521 18
2522 19
2523 19
2524 20
2525 19
2526 20
2527 20
2528 21
2529 17
2530 18
2531 18
2532 19
2533 18
2534 19
2535 19
2536 20
2537 18
2538 19
2539 19
2540 20
2541 19
2542 20
2543 20
2544 21
2545 18
2546 19
2547 19
2548 20
2549 19
2550 20
2551 20
2552 21
2553 19
2554 20
2555 20
2556 21
2557 20
2558 21
2559 21
2560 22
2561 14
2562 15
2563 15
2564 16
2565 15
2566 16
2567 16
2568 17
2569 15
2570 16
2571 16
2572 17
2573 16
2574 17
2575 17
2576 18
2577 15
2578 16
2579 16
2580 17
2581 16
2582 17
2583 17
2584 18
2585 16
2586 17
2587 17
2588 18
2589 17
2590 18
2591 18
2592 19
2593 15
2594 16
2595 16
2596 17
2597 16
2598 17
2599 17
2600 18
2601 16
2602 17
2603 17
2604 18
2605 17
2606 18
2607 18
2608 19
2609 16
2610 17
2611 17
2612 18
2613 17
2614 18
2615 18
2616 19
2617 17
2618 18
2619 18
2620 19
2621 18
2622 19
2623 19
2624 20
2625 15
2626 16
2627 16
2628 17
2629 16
2630 17
2631 17
2632 18
2633 16
2634 17
2635 17
2636 18
2637 17
2638 18
2639 18
2640 19
2641 16
2642 17
2643 17
2644 18
2645 17
2646 18
2647 18
2648 19
2649 17
2650 18
2651 18
2652 19
2653 18
2654 19
2655 19
2656 20
2657 16
2658 17
2659 17
2660 18
2661 17
2662 18
2663 18
2664 19
2665 17
2666 18
2667 18
2668 19
2669 18
2670 19
2671 19
2672 20
2673 17
2674 18
2675 18
2676 19
2677 18
2678 19
2679 19
2680 20
2681 18
2682 19
2683 19
2684 20
2685 19
2686 20
2687 20
2688 21
2689 15
2690 16
2691 16
2692 17
2693 16
2694 17
2695 17
2696 18
2697 16
2698 17
2699 17
2700 18
2701 17
2702 18
2703 18
2704 19
2705 16
2706 17
2707 17
2708 18
2709 17
2710 18
2711 18
2712 19
2713 17
2714 18
2715 18
2716 19
2717 18
2718 19
2719 19
2720 20
2721 16
2722 17
2723 17
2724 18
2725 17
2726 18
2727 18
2728 19
2729 17
2730 18
2731 18
2732 19
2733 18
2734 19
2735 19
2736 20
2737 17
2738 18
2739 18
2740 19
2741 18
2742 19
2743 19
2744 20
2745 18
2746 19
2747 19
2748 20
2749 19
2750 20
2751 20
2752 21
2753 16
2754 17
2755 17
2756 18
2757 17
2758 18
2759 18
2760 19
2761 17
2762 18
2763 18
2764 19
2765 18
2766 19
2767 19
2768 20
2769 17
2770 18
2771 18
2772 19
2773 18
2774 19
2775 19
2776 20
2777 18
2778 19
2779 19
2780 20
2781 19
2782 20
2783 20
2784 21
2785 17
2786 18
2787 18
2788 19
2789 18
2790 19
2791 19
2792 20
2793 18
2794 19
2795 19
2796 20
2797 19
2798 20
2799 20
2800 21
2801 18
2802 19
2803 19
2804 20
2805 19
2806 20
2807 20
2808 21
2809 19
2810 20
2811 20
2812 21
2813 20
2814 21
2815 21
2816 22
2817 15
2818 16
2819 16
2820 17
2821 16
2822 17
2823 17
2824 18
2825 16
2826 17
2827 17
2828 18
2829 17
2830 18
2831 18
2832 19
2833 16
2834 17
2835 17
2836 18
2837 17
2838 18
2839 18
2840 19
2841 17
2842 18
2843 18
2844 19
2845 18
2846 19
2847 19
2848 20
2849 16
2850 17
2851 17
2852 18
2853 17
2854 18
2855 18
2856 19
2857 17
2858 18
2859 18
2860 19
2861 18
2862 19
2863 19
2864 20
2865 17
2866 18
2867 18
2868 19
2869 18
2870 19
2871 19
2872 20
2873 18
2874 19
2875 19
2876 20
2877 19
2878 20
2879 20
2880 21
2881 16
2882 17
2883 17
2884 18
2885 17
2886 18
2887 18
2888 19
2889 17
2890 18
2891 18
2892 19
2893 18
2894 19
2895 19
2896 20
2897 17
2898 18
2899 18
2900 19
2901 18
2902 19
2903 19
2904 20
2905 18
2906 19
2907 19
2908 20
2909 19
2910 20
2911 20
2912 21
2913 17
2914 18
2915 18
2916 19
2917 18
2918 19
2919 19
2920 20
2921 18
2922 19
2923 19
2924 20
2925 19
2926 20
2927 20
2928 21
2929 18
2930 19
2931 19
2932 20
2933 19
2934 20
2935 20
2936 21
2937 19
2938 20
2939 20
2940 21
2941 20
2942 21
2943 21
2944 22
2945 16
2946 17
2947 17
2948 18
2949 17
2950 18
2951 18
2952 19
2953 17
2954 18
2955 18
2956 19
2957 18
2958 19
2959 19
2960 20
2961 17
2962 18
2963 18
2964 19
2965 18
2966 19
2967 19
2968 20
2969 18
2970 19
2971 19
2972 20
2973 19
2974 20
2975 20
2976 21
2977 17
2978 18
2979 18
2980 19
2981 18
2982 19
2983 19
2984 20
2985 18
2986 19
2987 19
2988 20
2989 19
2990 20
2991 20
2992 21
2993 18
2994 19
2995 19
2996 20
2997 19
2998 20
2999 20
3000 21
3001 19
3002 20
3003 20
3004 21
3005 20
3006 21
3007 21
3008 22
3009 17
3010 18
3011 18
3012 19
3013 18
3014 19
3015 19
3016 20
3017 18
3018 19
3019 19
3020 20
3021 19
3022 20
3023 20
3024 21
3025 18
3026 19
3027 19
3028 20
3029 19
3030 20
3031 20
3032 21
3033 19
3034 20
3035 20
3036 21
3037 20
3038 21
3039 21
3040 22
3041 18
3042 19
3043 19
3044 20
3045 19
3046 20
3047 20
3048 21
3049 19
3050 20
3051 20
3052 21
3053 20
3054 21
3055 21
3056 22
3057 19
3058 20
3059 20
3060 21
3061 20
3062 21
3063 21
3064 22
3065 20
3066 21
3067 21
3068 22
3069 21
3070 22
3071 22
3072 23
3073 14
3074 15
3075 15
3076 16
3077 15
3078 16
3079 16
3080 17
3081 15
3082 16
3083 16
3084 17
3085 16
3086 17
3087 17
3088 18
3089 15
3090 16
3091 16
3092 17
3093 16
3094 17
3095 17
3096 18
3097 16
3098 17
3099 17
3100 18
3101 17
3102 18
3103 18
3104 19
3105 15
3106 16
3107 16
3108 17
3109 16
3110 17
3111 17
3112 18
3113 16
3114 17
3115 17
3116 18
3117 17
3118 18
3119 18
3120 19
3121 16
3122 17
3123 17
3124 18
3125 17
3126 18
3127 18
3128 19
3129 17
3130 18
3131 18
3132 19
3133 18
3134 19
3135 19
3136 20
3137 15
3138 16
3139 16
3140 17
3141 16
3142 17
3143 17
3144 18
3145 16
3146 17
3147 17
3148 18
3149 17
3150 18
3151 18
3152 19
3153 16
3154 17
3155 17
3156 18
3157 17
3158 18
3159 18
3160 19
3161 17
3162 18
3163 18
3164 19
3165 18
3166 19
3167 19
3168 20
3169 16
3170 17
3171 17
3172 18
3173 17
3174 18
3175 18
3176 19
3177 17
3178 18
3179 18
3180 19
3181 18
3182 19
3183 19
3184 20
3185 17
3186 18
3187 18
3188 19
3189 18
3190 19
3191 19
3192 20
3193 18
3194 19
3195 19
3196 20
3197 19
3198 20
3199 20
3200 21
3201 15
3202 16
3203 16
3204 17
3205 16
3206 17
3207 17
3208 18
3209 16
3210 17
3211 17
3212 18
3213 17
3214 18
3215 18
3216 19
3217 16
3218 17
3219 17
3220 18
3221 17
3222 18
3223 18
3224 19
3225 17
3226 18
3227 18
3228 19
3229 18
3230 19
3231 19
3232 20
3233 16
3234 17
3235 17
3236 18
3237 17
3238 18
3239 18
3240 19
3241 17
3242 18
3243 18
3244 19
3245 18
3246 19
3247 19
3248 20
3249 17
3250 18
3251 18
3252 19
3253 18
3254 19
3255 19
3256 20
3257 18
3258 19
3259 19
3260 20
3261 19
3262 20
3263 20
3264 21
3265 16
3266 17
3267 17
3268 18
3269 17
3270 18
3271 18
3272 19
3273 17
3274 18
3275 18
3276 19
3277 18
3278 19
3279 19
3280 20
3281 17
3282 18
3283 18
3284 19
3285 18
3286 19
3287 19
3288 20
3289 18
3290 19
3291 19
3292 20
3293 19
3294 20
3295 20
3296 21
3297 17
3298 18
3299 18
3300 19
3301 18
3302 19
3303 19
3304 20
3305 18
3306 19
3307 19
3308 20
3309 19
3310 20
3311 20
3312 21
3313 18
3314 19
3315 19
3316 20
3317 19
3318 20
3319 20
3320 21
3321 19
3322 20
3323 20
3324 21
3325 20
3326 21
3327 21
3328 22
3329 15
3330 16
3331 16
3332 17
3333 16
3334 17
3335 17
3336 18
3337 16
3338 17
3339 17
3340 18
3341 17
3342 18
3343 18
3344 19
3345 16
3346 17
3347 17
3348 18
3349 17
3350 18
3351 18
3352 19
3353 17
3354 18
3355 18
3356 19
3357 18
3358 19
3359 19
3360 20
3361 16
3362 17
3363 17
3364 18
3365 17
3366 18
3367 18
3368 19
3369 17
3370 18
3371 18
3372 19
3373 18
3374 19
3375 19
3376 20
3377 17
3378 18
3379 18
3380 19
3381 18
3382 19
3383 19
3384 20
3385 18
3386 19
3387 19
3388 20
3389 19
3390 20
3391 20
3392 21
3393 16
3394 17
3395 17
3396 18
3397 17
3398 18
3399 18
3400 19
3401 17
3402 18
3403 18
3404 19
3405 18
3406 19
3407 19
3408 20
3409 17
3410 18
3411 18
3412 19
3413 18
3414 19
3415 19
3416 20
3417 18
3418 19
3419 19
3420 20
3421 19
3422 20
3423 20
3424 21
3425 17
3426 18
3427 18
3428 19
3429 18
3430 19
3431 19
3432 20
3433 18
3434 19
3435 19
3436 20
3437 19
3438 20
3439 20
3440 21
3441 18
3442 19
3443 19
3444 20
3445 19
3446 20
3447 20
3448 21
3449 19
3450 20
3451 20
3452 21
3453 20
3454 21
3455 21
3456 22
3457 16
3458 17
3459 17
3460 18
3461 17
3462 18
3463 18
3464 19
3465 17
3466 18
3467 18
3468 19
3469 18
3470 19
3471 19
3472 20
3473 17
3474 18
3475 18
3476 19
3477 18
3478 19
3479 19
3480 20
3481 18
3482 19
3483 19
3484 20
3485 19
3486 20
3487 20
3488 21
3489 17
3490 18
3491 18
3492 19
3493 18
3494 19
3495 19
3496 20
3497 18
3498 19
3499 19
3500 20
3501 19
3502 20
3503 20
3504 21
3505 18
3506 19
3507 19
3508 20
3509 19
3510 20
3511 20
3512 21
3513 19
3514 20
3515 20
3516 21
3517 20
3518 21
3519 21
3520 22
3521 17
3522 18
3523 18
3524 19
3525 18
3526 19
3527 19
3528 20
3529 18
3530 19
3531 19
3532 20
3533 19
3534 20
3535 20
3536 21
3537 18
3538 19
3539 19
3540 20
3541 19
3542 20
3543 20
3544 21
3545 19
3546 20
3547 20
3548 21
3549 20
3550 21
3551 21
3552 22
3553 18
3554 19
3555 19
3556 20
3557 19
3558 20
3559 20
3560 21
3561 19
3562 20
3563 20
3564 21
3565 20
3566 21
3567 21
3568 22
3569 19
3570 20
3571 20
3572 21
3573 20
3574 21
3575 21
3576 22
3577 20
3578 21
3579 21
3580 22
3581 21
3582 22
3583 22
3584 23
3585 15
3586 16
3587 16
3588 17
3589 16
3590 17
3591 17
3592 18
3593 16
3594 17
3595 17
3596 18
3597 17
3598 18
3599 18
3600 19
3601 16
3602 17
3603 17
3604 18
3605 17
3606 18
3607 18
3608 19
3609 17
3610 18
3611 18
3612 19
3613 18
3614 19
3615 19
3616 20
3617 16
3618 17
3619 17
3620 18
3621 17
3622 18
3623 18
3624 19
3625 17
3626 18
3627 18
3628 19
3629 18
3630 19
3631 19
3632 20
3633 17
3634 18
3635 18
3636 19
3637 18
3638 19
3639 19
3640 20
3641 18
3642 19
3643 19
3644 20
3645 19
3646 20
3647 20
3648 21
3649 16
3650 17
3651 17
3652 18
3653 17
3654 18
3655 18
3656 19
3657 17
3658 18
3659 18
3660 19
3661 18
3662 19
3663 19
3664 20
3665 17
3666 18
3667 18
3668 19
3669 18
3670 19
3671 19
3672 20
3673 18
3674 19
3675 19
3676 20
3677 19
3678 20
3679 20
3680 21
3681 17
3682 18
3683 18
3684 19
3685 18
3686 19
3687 19
3688 20
3689 18
3690 19
3691 19
3692 20
3693 19
3694 20
3695 20
3696 21
3697 18
3698 19
3699 19
3700 20
3701 19
3702 20
3703 20
3704 21
3705 19
3706 20
3707 20
3708 21
3709 20
3710 21
3711 21
3712 22
3713 16
3714 17
3715 17
3716 18
3717 17
3718 18
3719 18
3720 19
3721 17
3722 18
3723 18
3724 19
3725 18
3726 19
3727 19
3728 20
3729 17
3730 18
3731 18
3732 19
3733 18
3734 19
3735 19
3736 20
3737 18
3738 19
3739 19
3740 20
3741 19
3742 20
3743 20
3744 21
3745 17
3746 18
3747 18
3748 19
3749 18
3750 19
3751 19
3752 20
3753 18
3754 19
3755 19
3756 20
3757 19
3758 20
3759 20
3760 21
3761 18
3762 19
3763 19
3764 20
3765 19
3766 20
3767 20
3768 21
3769 19
3770 20
3771 20
3772 21
3773 20
3774 21
3775 21
3776 22
3777 17
3778 18
3779 18
3780 19
3781 18
3782 19
3783 19
3784 20
3785 18
3786 19
3787 19
3788 20
3789 19
3790 20
3791 20
3792 21
3793 18
3794 19
3795 19
3796 20
3797 19
3798 20
3799 20
3800 21
3801 19
3802 20
3803 20
3804 21
3805 20
3806 21
3807 21
3808 22
3809 18
3810 19
3811 19
3812 20
3813 19
3814 20
3815 20
3816 21
3817 19
3818 20
3819 20
3820 21
3821 20
3822 21
3823 21
3824 22
3825 19
3826 20
3827 20
3828 21
3829 20
3830 21
3831 21
3832 22
3833 20
3834 21
3835 21
3836 22
3837 21
3838 22
3839 22
3840 23
3841 16
3842 17
3843 17
3844 18
3845 17
3846 18
3847 18
3848 19
3849 17
3850 18
3851 18
3852 19
3853 18
3854 19
3855 19
3856 20
3857 17
3858 18
3859 18
3860 19
3861 18
3862 19
3863 19
3864 20
3865 18
3866 19
3867 19
3868 20
3869 19
3870 20
3871 20
3872 21
3873 17
3874 18
3875 18
3876 19
3877 18
3878 19
3879 19
3880 20
3881 18
3882 19
3883 19
3884 20
3885 19
3886 20
3887 20
3888 21
3889 18
3890 19
3891 19
3892 20
3893 19
3894 20
3895 20
3896 21
3897 19
3898 20
3899 20
3900 21
3901 20
3902 21
3903 21
3904 22
3905 17
3906 18
3907 18
3908 19
3909 18
3910 19
3911 19
3912 20
3913 18
3914 19
3915 19
3916 20
3917 19
3918 20
3919 20
3920 21
3921 18
3922 19
3923 19
3924 20
3925 19
3926 20
3927 20
3928 21
3929 19
3930 20
3931 20
3932 21
3933 20
3934 21
3935 21
3936 22
3937 18
3938 19
3939 19
3940 20
3941 19
3942 20
3943 20
3944 21
3945 19
3946 20
3947 20
3948 21
3949 20
3950 21
3951 21
3952 22
3953 19
3954 20
3955 20
3956 21
3957 20
3958 21
3959 21
3960 22
3961 20
3962 21
3963 21
3964 22
3965 21
3966 22
3967 22
3968 23
3969 17
3970 18
3971 18
3972 19
3973 18
3974 19
3975 19
3976 20
3977 18
3978 19
3979 19
3980 20
3981 19
3982 20
3983 20
3984 21
3985 18
3986 19
3987 19
3988 20
3989 19
3990 20
3991 20
3992 21
3993 19
3994 20
3995 20
3996 21
3997 20
3998 21
3999 21
4000 22
4001 18
4002 19
4003 19
4004 20
4005 19
4006 20
4007 20
4008 21
4009 19
4010 20
4011 20
4012 21
4013 20
4014 21
4015 21
4016 22
4017 19
4018 20
4019 20
4020 21
4021 20
4022 21
4023 21
4024 22
4025 20
4026 21
4027 21
4028 22
4029 21
4030 22
4031 22
4032 23
4033 18
4034 19
4035 19
4036 20
4037 19
4038 20
4039 20
4040 21
4041 19
4042 20
4043 20
4044 21
4045 20
4046 21
4047 21
4048 22
4049 19
4050 20
4051 20
4052 21
4053 20
4054 21
4055 21
4056 22
4057 20
4058 21
4059 21
4060 22
4061 21
4062 22
4063 22
4064 23
4065 19
4066 20
4067 20
4068 21
4069 20
4070 21
4071 21
4072 22
4073 20
4074 21
4075 21
4076 22
4077 21
4078 22
4079 22
4080 23
4081 20
4082 21
4083 21
4084 22
4085 21
4086 22
4087 22
4088 23
4089 21
4090 22
4091 22
4092 23
4093 22
4094 23
4095 23
4096 24
4097 14
4098 15
4099 15
4100 16
4101 15
4102 16
4103 16
4104 17
4105 15
4106 16
4107 16
4108 17
4109 16
4110 17
4111 17
4112 18
4113 15
4114 16
4115 16
4116 17
4117 16
4118 17
4119 17
4120 18
4121 16
4122 17
4123 17
4124 18
4125 17
4126 18
4127 18
4128 19
4129 15
4130 16
4131 16
4132 17
4133 16
4134 17
4135 17
4136 18
4137 16
4138 17
4139 17
4140 18
4141 17
4142 18
4143 18
4144 19
4145 16
4146 17
4147 17
4148 18
4149 17
4150 18
4151 18
4152 19
4153 17
4154 18
4155 18
4156 19
4157 18
4158 19
4159 19
4160 20
4161 15
4162 16
4163 16
4164 17
4165 16
4166 17
4167 17
4168 18
4169 16
4170 17
4171 17
4172 18
4173 17
4174 18
4175 18
4176 19
4177 16
4178 17
4179 17
4180 18
4181 17
4182 18
4183 18
4184 19
4185 17
4186 18
4187 18
4188 19
4189 18
4190 19
4191 19
4192 20
4193 16
4194 17
4195 17
4196 18
4197 17
4198 18
4199 18
4200 19
4201 17
4202 18
4203 18
4204 19
4205 18
4206 19
4207 19
4208 20
4209 17
4210 18
4211 18
4212 19
4213 18
4214 19
4215 19
4216 20
4217 18
4218 19
4219 19
4220 20
4221 19
4222 20
4223 20
4224 21
4225 15
4226 16
4227 16
4228 17
4229 16
4230 17
4231 17
4232 18
4233 16
4234 17
4235 17
4236 18
4237 17
4238 18
4239 18
4240 19
4241 16
4242 17
4243 17
4244 18
4245 17
4246 18
4247 18
4248 19
4249 17
4250 18
4251 18
4252 19
4253 18
4254 19
4255 19
4256 20
4257 16
4258 17
4259 17
4260 18
4261 17
4262 18
4263 18
4264 19
4265 17
4266 18
4267 18
4268 19
4269 18
4270 19
4271 19
4272 20
4273 17
4274 18
4275 18
4276 19
4277 18
4278 19
4279 19
4280 20
4281 18
4282 19
4283 19
4284 20
4285 19
4286 20
4287 20
4288 21
4289 16
4290 17
4291 17
4292 18
4293 17
4294 18
4295 18
4296 19
4297 17
4298 18
4299 18
4300 19
4301 18
4302 19
4303 19
4304 20
4305 17
4306 18
4307 18
4308 19
4309 18
4310 19
4311 19
4312 20
4313 18
4314 19
4315 19
4316 20
4317 19
4318 20
4319 20
4320 21
4321 17
4322 18
4323 18
4324 19
4325 18
4326 19
4327 19
4328 20
4329 18
4330 19
4331 19
4332 20
4333 19
4334 20
4335 20
4336 21
4337 18
4338 19
4339 19
4340 20
4341 19
4342 20
4343 20
4344 21
4345 19
4346 20
4347 20
4348 21
4349 20
4350 21
4351 21
4352 22
4353 15
4354 16
4355 16
4356 17
4357 16
4358 17
4359 17
4360 18
4361 16
4362 17
4363 17
4364 18
4365 17
4366 18
4367 18
4368 19
4369 16
4370 17
4371 17
4372 18
4373 17
4374 18
4375 18
4376 19
4377 17
4378 18
4379 18
4380 19
4381 18
4382 19
4383 19
4384 20
4385 16
4386 17
4387 17
4388 18
4389 17
4390 18
4391 18
4392 19
4393 17
4394 18
4395 18
4396 19
4397 18
4398 19
4399 19
4400 20
4401 17
4402 18
4403 18
4404 19
4405 18
4406 19
4407 19
4408 20
4409 18
4410 19
4411 19
4412 20
4413 19
4414 20
4415 20
4416 21
4417 16
4418 17
4419 17
4420 18
4421 17
4422 18
4423 18
4424 19
4425 17
4426 18
4427 18
4428 19
4429 18
4430 19
4431 19
4432 20
4433 17
4434 18
4435 18
4436 19
4437 18
4438 19
4439 19
4440 20
4441 18
4442 19
4443 19
4444 20
4445 19
4446 20
4447 20
4448 21
4449 17
4450 18
4451 18
4452 19
4453 18
4454 19
4455 19
4456 20
4457 18
4458 19
4459 19
4460 20
4461 19
4462 20
4463 20
4464 21
4465 18
4466 19
4467 19
4468 20
4469 19
4470 20
4471 20
4472 21
4473 19
4474 20
4475 20
4476 21
4477 20
4478 21
4479 21
4480 22
4481 16
4482 17
4483 17
4484 18
4485 17
4486 18
4487 18
4488 19
4489 17
4490 18
4491 18
4492 19
4493 18
4494 19
4495 19
4496 20
4497 17
4498 18
4499 18
4500 19
4501 18
4502 19
4503 19
4504 20
4505 18
4506 19
4507 19
4508 20
4509 19
4510 20
4511 20
4512 21
4513 17
4514 18
4515 18
4516 19
4517 18
4518 19
4519 19
4520 20
4521 18
4522 19
4523 19
4524 20
4525 19
4526 20
4527 20
4528 21
4529 18
4530 19
4531 19
4532 20
4533 19
4534 20
4535 20
4536 21
4537 19
4538 20
4539 20
4540 21
4541 20
4542 21
4543 21
4544 22
4545 17
4546 18
4547 18
4548 19
4549 18
4550 19
4551 19
4552 20
4553 18
4554 19
4555 19
4556 20
4557 19
4558 20
4559 20
4560 21
4561 18
4562 19
4563 19
4564 20
4565 19
4566 20
4567 20
4568 21
4569 19
4570 20
4571 20
4572 21
4573 20
4574 21
4575 21
4576 22
4577 18
4578 19
4579 19
4580 20
4581 19
4582 20
4583 20
4584 21
4585 19
4586 20
4587 20
4588 21
4589 20
4590 21
4591 21
4592 22
4593 19
4594 20
4595 20
4596 21
4597 20
4598 21
4599 21
4600 22
4601 20
4602 21
4603 21
4604 22
4605 21
4606 22
4607 22
4608 23
4609 15
4610 16
4611 16
4612 17
4613 16
4614 17
4615 17
4616 18
4617 16
4618 17
4619 17
4620 18
4621 17
4622 18
4623 18
4624 19
4625 16
4626 17
4627 17
4628 18
4629 17
4630 18
4631 18
4632 19
4633 17
4634 18
4635 18
4636 19
4637 18
4638 19
4639 19
4640 20
4641 16
4642 17
4643 17
4644 18
4645 17
4646 18
4647 18
4648 19
4649 17
4650 18
4651 18
4652 19
4653 18
4654 19
4655 19
4656 20
4657 17
4658 18
4659 18
4660 19
4661 18
4662 19
4663 19
4664 20
4665 18
4666 19
4667 19
4668 20
4669 19
4670 20
4671 20
4672 21
4673 16
4674 17
4675 17
4676 18
4677 17
4678 18
4679 18
4680 19
4681 17
4682 18
4683 18
4684 19
4685 18
4686 19
4687 19
4688 20
4689 17
4690 18
4691 18
4692 19
4693 18
4694 19
4695 19
4696 20
4697 18
4698 19
4699 19
4700 20
4701 19
4702 20
4703 20
4704 21
4705 17
4706 18
4707 18
4708 19
4709 18
4710 19
4711 19
4712 20
4713 18
4714 19
4715 19
4716 20
4717 19
4718 20
4719 20
4720 21
4721 18
4722 19
4723 19
4724 20
4725 19
4726 20
4727 20
4728 21
4729 19
4730 20
4731 20
4732 21
4733 20
4734 21
4735 21
4736 22
4737 16
4738 17
4739 17
4740 18
4741 17
4742 18
4743 18
4744 19
4745 17
4746 18
4747 18
4748 19
4749 18
4750 19
4751 19
4752 20
4753 17
4754 18
4755 18
4756 19
4757 18
4758 19
4759 19
4760 20
4761 18
4762 19
4763 19
4764 20
4765 19
4766 20
4767 20
4768 21
4769 17
4770 18
4771 18
4772 19
4773 18
4774 19
4775 19
4776 20
4777 18
4778 19
4779 19
4780 20
4781 19
4782 20
4783 20
4784 21
4785 18
4786 19
4787 19
4788 20
4789 19
4790 20
4791 20
4792 21
4793 19
4794 20
4795 20
4796 21
4797 20
4798 21
4799 21
4800 22
4801 17
4802 18
4803 18
4804 19
4805 18
4806 19
4807 19
4808 20
4809 18
4810 19
4811 19
4812 20
4813 19
4814 20
4815 20
4816 21
4817 18
4818 19
4819 19
4820 20
4821 19
4822 20
4823 20
4824 21
4825 19
4826 20
4827 20
4828 21
4829 20
4830 21
4831 21
4832 22
4833 18
4834 19
4835 19
4836 20
4837 19
4838 20
4839 20
4840 21
4841 19
4842 20
4843 20
4844 21
4845 20
4846 21
4847 21
4848 22
4849 19
4850 20
4851 20
4852 21
4853 20
4854 21
4855 21
4856 22
4857 20
4858 21
4859 21
4860 22
4861 21
4862 22
4863 22
4864 23
4865 16
4866 17
4867 17
4868 18
4869 17
4870 18
4871 18
4872 19
4873 17
4874 18
4875 18
4876 19
4877 18
4878 19
4879 19
4880 20
4881 17
4882 18
4883 18
4884 19
4885 18
4886 19
4887 19
4888 20
4889 18
4890 19
4891 19
4892 20
4893 19
4894 20
4895 20
4896 21
4897 17
4898 18
4899 18
4900 19
4901 18
4902 19
4903 19
4904 20
4905 18
4906 19
4907 19
4908 20
4909 19
4910 20
4911 20
4912 21
4913 18
4914 19
4915 19
4916 20
4917 19
4918 20
4919 20
4920 21
4921 19
4922 20
4923 20
4924 21
4925 20
4926 21
4927 21
4928 22
4929 17
4930 18
4931 18
4932 19
4933 18
4934 19
4935 19
4936 20
4937 18
4938 19
4939 19
4940 20
4941 19
4942 20
4943 20
4944 21
4945 18
4946 19
4947 19
4948 20
4949 19
4950 20
4951 20
4952 21
4953 19
4954 20
4955 20
4956 21
4957 20
4958 21
4959 21
4960 22
4961 18
4962 19
4963 19
4964 20
4965 19
4966 20
4967 20
4968 21
4969 19
4970 20
4971 20
4972 21
4973 20
4974 21
4975 21
4976 22
4977 19
4978 20
4979 20
4980 21
4981 20
4982 21
4983 21
4984 22
4985 20
4986 21
4987 21
4988 22
4989 21
4990 22
4991 22
4992 23
4993 17
4994 18
4995 18
4996 19
4997 18
4998 19
4999 19
5000 20
