1 4
42 38 30 18 
3 16 25 17 
33 41 12 20 
35 26 48 47 
2 4
42 38 30 18 
3 16 25 17 
33 41 12 20 
35 26 48 47 
3 4
42 38 30 18 
3 16 25 17 
33 41 12 20 
35 26 48 47 
4 4
42 38 30 18 
3 16 25 17 
33 41 12 20 
35 26 48 47 
5 4
42 38 30 18 
3 16 25 17 
33 41 12 20 
35 26 48 47 
6 4
42 38 30 18 
3 16 25 17 
33 41 12 20 
35 26 48 47 
7 4
42 38 30 18 
3 16 25 17 
33 41 12 20 
35 26 48 47 
8 4
42 38 30 18 
3 16 25 17 
33 41 12 20 
35 26 48 47 
9 4
42 38 30 18 
3 16 25 17 
33 41 12 20 
35 26 48 47 
10 4
42 38 30 18 
3 16 25 17 
33 41 12 20 
35 26 48 47 
11 4
42 38 30 18 
3 16 25 17 
33 41 12 20 
35 26 48 47 
12 4
42 38 30 18 
3 16 25 17 
33 41 12 20 
35 26 48 47 
13 4
42 38 30 18 
3 16 25 17 
33 41 12 20 
35 26 48 47 
14 4
42 38 30 18 
3 16 25 17 
33 41 12 20 
35 26 48 47 
15 4
42 38 30 18 
3 16 25 17 
33 41 12 20 
35 26 48 47 
16 4
42 38 30 18 
3 16 25 17 
33 41 12 20 
35 26 48 47 
17 4
42 38 30 18 
3 16 25 17 
33 41 12 20 
35 26 48 47 
18 4
42 38 30 18 
3 16 25 17 
33 41 12 20 
35 26 48 47 
19 4
42 38 30 18 
3 16 25 17 
33 41 12 20 
35 26 48 47 
