2 3
3 4
4 6
5 6
6 6
7 18
8 33
9 12
10 14
11 15
12 18
13 27
14 32
15 19
16 29
17 38
18 33
19 34
20 56
21 70
22 80
23 60
24 51
25 63
26 64
27 81
28 60
29 58
30 50
31 79
32 77
33 110
34 84
35 62
36 77
37 79
38 104
39 107
40 88
41 78
42 87
43 93
44 93
45 88
46 85
47 122
48 155
49 91
50 131
51 108
52 116
53 121
54 139
55 154
56 137
57 164
58 154
59 188
60 140
61 158
62 113
63 167
64 135
65 197
66 143
67 200
68 184
69 287
70 183
71 185
72 152
73 263
74 395
75 192
76 185
77 174
78 206
79 174
80 226
81 226
82 270
83 222
84 296
85 168
86 242
87 249
88 313
89 211
90 302
91 220
92 356
93 318
94 308
95 350
96 257
97 357
98 289
99 203
100 365
101 226
102 286
103 191
104 327
105 368
106 313
107 274
108 326
109 204
110 343
111 312
112 421
113 298
114 291
115 335
116 381
117 377
118 435
119 378
120 424
121 344
122 378
123 381
124 505
125 387
126 353
127 409
128 423
129 448
130 366
131 302
132 443
133 299
134 452
135 426
136 334
137 399
138 401
139 435
140 371
141 489
142 493
143 467
144 333
145 447
146 514
147 510
148 411
149 414
150 371
151 499
152 488
153 415
154 513
155 414
156 567
157 648
158 599
159 584
160 493
161 530
162 514
163 562
164 414
165 611
166 531
167 507
168 596
169 569
170 587
171 540
172 693
173 657
174 460
175 547
176 649
177 715
178 581
179 685
180 764
181 745
182 622
183 557
184 750
185 699
186 648
187 609
188 575
189 664
190 780
191 524
192 731
193 667
194 766
195 460
196 1015
197 815
198 526
199 548
200 710
201 844
202 716
203 770
204 761
205 962
206 704
207 883
208 972
209 622
210 571
211 737
212 730
213 818
214 786
215 808
216 927
217 705
218 976
219 793
220 880
221 795
222 757
223 622
224 897
225 817
226 707
227 948
228 799
229 970
230 898
231 881
232 1065
233 876
234 1106
235 798
236 600
237 839
238 1049
239 728
240 895
241 830
242 807
243 985
244 995
245 1031
246 986
247 752
248 953
249 985
250 970
251 870
252 893
253 1210
254 835
255 905
256 814
257 1098
258 1163
259 912
260 1029
261 1273
262 1032
263 1030
264 961
265 838
266 938
267 1016
268 1064
269 1042
270 1125
271 1220
272 1294
273 1072
274 1085
275 968
276 952
277 855
278 1141
279 1108
280 1030
281 872
282 1088
283 1094
284 1299
285 1103
286 1415
287 667
288 945
289 1093
290 1222
291 1270
292 1231
293 1180
294 1101
295 1212
296 1356
297 1228
298 980
299 1392
300 1464
301 1542
302 879
303 1254
304 1070
305 1412
306 1086
307 1103
308 1572
309 1547
310 1174
311 1400
312 1360
313 1212
314 1348
315 1044
316 1570
317 1254
318 1609
319 1204
320 1421
321 1053
322 1556
323 1408
324 1509
325 934
326 1385
327 1361
328 1467
329 1358
330 1618
331 1484
332 1686
333 1219
334 1619
335 1489
336 1147
337 1448
338 1018
339 1398
340 1709
341 1498
342 1488
343 1497
344 1561
345 1184
346 1106
347 1498
348 2073
349 1409
350 1387
351 1448
352 1917
353 1893
354 1725
355 2097
356 1369
357 1679
358 1656
359 1389
360 1598
361 1797
362 1557
363 1687
364 1513
365 1680
366 1463
367 1280
368 1688
369 1686
370 1480
371 2161
372 1942
373 1616
374 2361
375 1989
376 1633
377 1735
378 1431
379 1789
380 1453
381 1401
382 1670
383 1791
384 1648
385 1790
386 1088
387 1575
388 1289
389 2045
390 1962
391 1724
392 2444
393 1708
394 1464
395 1835
396 1938
397 2234
398 1772
399 1335
400 1776
401 1725
402 2080
403 1830
404 2116
405 1679
406 1905
407 2105
408 1791
409 2286
410 1718
411 1837
412 1535
413 2035
414 2078
415 2111
416 1493
417 1960
418 2161
419 1780
420 2231
421 1669
422 1373
423 1818
424 2357
425 2056
426 2183
427 2018
428 1875
429 2070
430 1612
431 2125
432 2279
433 2081
434 1994
435 1942
436 2539
437 2172
438 2505
439 1956
440 2175
441 1562
442 1812
443 2122
444 1826
445 1881
446 2841
447 2146
448 2294
449 2528
450 2161
451 1784
452 2132
453 2167
454 1701
455 2255
456 2200
457 2296
458 2747
459 2294
460 2719
461 1745
462 2439
463 2396
464 1933
465 2181
466 2807
467 1932
468 2641
469 2086
470 2501
471 2393
472 1582
473 2296
474 2093
475 1326
476 2047
477 2810
478 1941
479 2222
480 2049
481 2343
482 2153
483 2222
484 2544
485 1904
486 2756
487 2145
488 2721
489 3015
490 2486
491 2495
492 1678
493 2998
494 2622
495 2637
496 2145
497 2230
498 2927
499 2652
500 2689
501 2684
502 2323
503 2390
504 2614
505 2619
506 2255
507 2064
508 2609
509 2480
510 2560
511 2835
512 2711
513 2688
514 2557
515 2413
516 2171
517 2363
518 2632
519 2201
520 2216
521 3187
522 2401
523 2397
524 3271
525 2608
526 2360
527 3017
528 2663
529 2924
530 2818
531 2984
532 2634
533 2688
534 2984
535 2299
536 2619
537 2458
538 2858
539 2591
540 2567
541 2614
542 3130
543 3462
544 3048
545 2771
546 2863
547 2816
548 2901
549 3130
550 2542
551 2706
552 2699
553 2357
554 2305
555 3115
556 2937
557 2692
558 2567
559 3082
560 3134
561 3316
562 2485
563 3572
564 2764
565 2838
566 2210
567 2705
568 2816
569 3075
570 2688
571 2599
572 2423
573 3440
574 2492
575 2602
576 3153
577 3119
578 3251
579 2462
580 3660
581 3295
582 3106
583 2842
584 2475
585 3765
586 3133
587 3224
588 2908
589 3035
590 3145
591 2696
592 3280
593 3197
594 3443
595 2961
596 4126
597 3009
598 3553
599 3060
600 3025
601 3459
602 3082
603 3196
604 3489
605 3300
606 2973
607 3091
608 3497
609 3558
610 3900
611 3869
612 3385
613 3690
614 3561
615 3751
616 2971
617 3378
618 3108
619 3972
620 3247
621 3986
622 3614
623 2925
624 3336
625 3322
626 3101
627 3570
628 3071
629 3508
630 3080
631 3306
632 3422
633 3626
634 3715
635 3249
636 3122
637 3854
638 3773
639 2879
640 3660
641 3324
642 3072
643 3049
644 3648
645 4147
646 2961
647 3661
648 3266
649 3668
650 3873
651 3306
652 3563
653 3285
654 3633
655 3730
656 2670
657 3604
658 3043
659 3869
660 3467
661 3461
662 4207
663 3781
664 4006
665 3371
666 3429
667 3738
668 3203
669 3612
670 4229
671 3994
672 3868
673 3418
674 3714
675 4620
676 2731
677 4672
678 3929
679 3747
680 4546
681 4240
682 4459
683 3353
684 4050
685 4129
686 3804
687 4318
688 4236
689 3100
690 4218
691 4024
692 4139
693 3992
694 3834
695 4254
696 3588
697 3150
698 2985
699 3713
700 4424
701 3535
702 3956
703 3813
704 4331
705 3491
706 4268
707 3548
708 4389
709 4188
710 3609
711 4541
712 4568
713 3460
714 3764
715 3555
716 4214
717 5167
718 4420
719 4265
720 4889
721 4676
722 4215
723 4403
724 5846
725 4247
726 4567
727 3751
728 4293
729 5933
730 4952
731 4573
732 5555
733 3692
734 3897
735 4134
736 4172
737 5160
738 4098
739 3682
740 4346
741 4409
742 3895
743 3833
744 4241
745 3917
746 4408
747 4173
748 5414
749 4874
750 3946
751 4795
752 5277
753 4010
754 5435
755 4616
756 3998
757 3970
758 4783
759 3703
760 4457
761 4300
762 4058
763 3731
764 4251
765 4075
766 4798
767 4603
768 5254
769 5408
770 4895
771 5236
772 3639
773 6165
774 5120
775 4185
776 4273
777 5543
778 4124
779 4614
780 3906
781 4982
782 4852
783 4120
784 5373
785 4331
786 5329
787 4771
788 4799
789 4962
790 3945
791 5798
792 5495
793 4323
794 3836
795 4472
796 4508
797 4927
798 4646
799 4832
800 4276
801 5186
802 5748
803 4850
804 5132
805 5262
806 5256
807 5478
808 4500
809 4979
810 5087
811 5134
812 5639
813 3559
814 5569
815 4500
816 4730
817 5488
818 5908
819 4553
820 5175
821 4505
822 5367
823 4567
824 4141
825 5488
826 4902
827 4818
828 5486
829 5365
830 4761
831 5774
832 3794
833 5694
834 4970
835 5004
836 6183
837 6334
838 4601
839 5471
840 6874
841 5428
842 4010
843 4884
844 5798
845 6137
846 5874
847 5747
848 5343
849 5242
850 5137
851 5697
852 3312
853 4676
854 4669
855 5135
856 5611
857 4763
858 5461
859 5714
860 6579
861 6022
862 5327
863 5674
864 5977
865 5506
866 5459
867 5167
868 6093
869 5425
870 5457
871 5077
872 5123
873 5679
874 4608
875 5244
876 4730
877 5424
878 4352
879 4630
880 5847
881 5739
882 6028
883 5079
884 6092
885 5408
886 6147
887 5427
888 5691
889 5165
890 6262
891 5033
892 4973
893 5632
894 5274
895 5566
896 6294
897 6558
898 6008
899 5036
900 6755
901 4969
902 5698
903 4723
904 6226
905 4763
906 6692
907 5095
908 6724
909 4564
910 5620
911 4974
912 6214
913 6075
914 5447
915 6883
916 4785
917 5425
918 6030
919 5422
920 7148
921 5276
922 5088
923 6576
924 6373
925 5415
926 6737
927 5389
928 5211
929 6117
930 6237
931 6100
932 6658
933 5894
934 5019
935 6650
936 6681
937 5448
938 5785
939 8113
940 6912
941 6125
942 6617
943 6499
944 7390
945 7115
946 5862
947 6365
948 6225
949 7023
950 5315
951 5778
952 6401
953 6186
954 5388
955 6310
956 6419
957 5388
958 6376
959 5721
960 5487
961 5412
962 5828
963 5957
964 7264
965 7386
966 6129
967 6319
968 6112
969 6534
970 6757
971 6663
972 6481
973 7271
974 6247
975 6035
976 6776
977 6941
978 5646
979 6610
980 7325
981 6116
982 7407
983 6891
984 7136
985 6377
986 6821
987 7024
988 8239
989 5795
990 5623
991 6946
992 5432
993 5931
994 5492
995 6311
996 6541
997 6052
998 7694
999 6471
1000 7468
1001 5402
