2 1
1 2
3 1
1 2
4 2
1 2
3 4
5 2
1 2
3 4
6 3
1 2
3 4
5 6
7 3
1 2
3 4
5 6
8 4
1 2
3 4
5 6
7 8
9 4
1 2
3 4
5 6
7 8
10 5
1 2
3 4
5 6
7 8
9 10
11 5
1 2
3 4
5 6
7 8
9 10
12 6
1 2
3 4
5 6
7 8
9 10
11 12
13 6
1 2
3 4
5 6
7 8
9 10
11 12
14 7
1 2
3 4
5 6
7 8
9 10
11 12
13 14
15 7
1 2
3 4
5 6
7 8
9 10
11 12
13 14
16 8
1 2
3 4
5 6
7 8
9 10
11 12
13 14
15 16
17 8
1 2
3 4
5 6
7 8
9 10
11 12
13 14
15 16
18 9
1 2
3 4
5 6
7 8
9 10
11 12
13 14
15 16
17 18
19 9
1 2
3 4
5 6
7 8
9 10
11 12
13 14
15 16
17 18
20 10
1 2
3 4
5 6
7 8
9 10
11 12
13 14
15 16
17 18
19 20
21 10
1 2
3 4
5 6
7 8
9 10
11 12
13 14
15 16
17 18
19 20
22 11
1 2
3 4
5 6
7 8
9 10
11 12
13 14
15 16
17 18
19 20
21 22
0