2 250
3 303
4 448
5 456
6 472
7 1317
8 3003
9 902
10 1083
11 1161
12 1424
13 2022
14 2381
15 1568
16 2193
17 2921
18 2575
19 2675
20 4918
21 7156
22 8252
23 5243
24 4100
25 5256
26 5472
27 7483
28 4935
29 5249
30 4425
31 8024
32 7897
33 11156
34 7495
35 5452
36 7677
37 7145
38 12456
39 9496
40 7707
41 7215
42 7954
43 8036
44 9124
45 8716
46 8909
47 14128
48 17935
49 7905
50 14723
51 10615
52 10439
53 12509
54 15046
55 15756
56 14785
57 20358
58 15342
59 20266
60 14171
61 17224
62 11455
63 20311
64 12511
65 23633
66 15530
67 23003
68 23825
69 36268
70 19326
71 20015
72 19232
73 43577
74 69664
75 23185
76 20771
77 19014
78 25889
79 18876
80 25729
81 37785
82 36642
83 25370
84 38804
85 18918
86 28431
87 33064
88 39613
89 28051
90 38019
91 27988
92 60816
93 46099
94 42339
95 57596
96 38275
97 51861
98 42414
99 24272
100 54400
101 27577
102 42201
103 25907
104 47691
105 55189
106 42393
107 39334
108 41491
109 28337
110 45160
111 46296
112 67731
113 38686
114 35921
115 49783
116 50384
117 64767
118 74084
119 58612
120 65651
121 63019
122 62159
123 72586
124 90525
125 53854
126 56589
127 56725
128 68851
129 66969
130 61404
131 44243
132 88818
133 53720
134 84599
135 71865
136 45621
137 56950
138 61989
139 78340
140 62012
141 84277
142 72211
143 70673
144 48496
145 74920
146 86879
147 90029
148 82126
149 72931
150 60438
151 72971
152 86488
153 72108
154 82885
155 60010
156 102088
157 109951
158 108979
159 107014
160 90137
161 92731
162 84857
163 98675
164 75890
165 108461
166 88610
167 85161
168 98850
169 132570
170 124513
171 84980
172 122579
173 124494
174 74445
175 92347
176 108421
177 132616
178 111543
179 117533
180 149224
181 148877
182 127091
183 105902
184 131064
185 116029
186 133140
187 123462
188 108209
189 136455
190 152342
191 90590
192 145995
193 118837
194 167331
195 77865
196 189844
197 152785
198 87152
199 100695
200 155679
201 189603
202 133374
203 177342
204 132517
205 188559
206 115313
207 165401
208 262169
209 119965
210 101836
211 141616
212 145954
213 164880
214 177278
215 146887
216 182909
217 143929
218 218125
219 148230
220 180199
221 169619
222 160680
223 121973
224 211928
225 195565
226 133576
227 201117
228 175976
229 254294
230 233550
231 222579
232 249521
233 196256
234 252793
235 172377
236 118647
237 209300
238 251830
239 159516
240 196150
241 180745
242 169466
243 181442
244 188768
245 235765
246 223796
247 161459
248 226756
249 221476
250 244498
251 183867
252 237879
253 314347
254 175160
255 202135
256 160387
257 283819
258 413814
259 227590
260 242927
261 432210
262 238060
263 233555
264 213287
265 200614
266 258022
267 276669
268 258647
269 298276
270 244667
271 297244
272 370295
273 247312
274 273619
275 210198
276 244155
277 206702
278 299587
279 299677
280 221153
281 249225
282 242140
283 277960
284 385458
285 301703
286 354206
287 158058
288 234448
289 290727
290 483185
291 321619
292 323818
293 289080
294 297018
295 292002
296 359573
297 284564
298 224331
299 404668
300 443828
301 444509
302 228627
303 311050
304 261473
305 364840
306 289082
307 225304
308 378440
309 382247
310 321914
311 352056
312 309546
313 299302
314 380379
315 242604
316 444719
317 266927
318 436843
319 322320
320 422579
321 262298
322 500487
323 385148
324 424236
325 264143
326 331207
327 344265
328 402090
329 434366
330 460656
331 464022
332 510272
333 383198
334 501169
335 370401
336 267827
337 439497
338 361969
339 331827
340 529556
341 415739
342 415148
343 392876
344 402103
345 272552
346 290503
347 435767
348 749899
349 405515
350 346180
351 394866
352 533905
353 729050
354 525003
355 762255
356 357392
357 624909
358 592195
359 427876
360 494271
361 593987
362 463886
363 432416
364 438138
365 509292
366 420549
367 450345
368 534557
369 496255
370 429140
371 736217
372 671197
373 512603
374 802431
375 768573
376 501646
377 561704
378 454797
379 534910
380 502829
381 410887
382 440070
383 625364
384 580051
385 565718
386 336475
387 426002
388 444909
389 681133
390 646649
391 457520
392 822160
393 531756
394 463204
395 604073
396 584205
397 816992
398 543633
399 367611
400 593854
401 494132
402 641835
403 666857
404 713220
405 544583
406 652123
407 693033
408 584302
409 872428
410 474643
411 631038
412 545924
413 592293
414 656888
415 759507
416 469348
417 730272
418 772535
419 531465
420 752803
421 491367
422 393180
423 587278
424 828766
425 780297
426 679542
427 660271
428 625966
429 659861
430 488135
431 750675
432 838150
433 775563
434 661263
435 646508
436 895856
437 809421
438 966301
439 602942
440 721390
441 502462
442 582779
443 691664
444 629864
445 663271
446 1172672
447 665814
448 707248
449 905328
450 798926
451 514283
452 693896
453 719099
454 540013
455 815148
456 798364
457 773093
458 970038
459 870871
460 940433
461 739255
462 815700
463 859079
464 670185
465 771482
466 1039206
467 557500
468 943574
469 744357
470 916576
471 856954
472 546320
473 832090
474 670937
475 535286
476 649782
477 1024090
478 617445
479 722607
480 692696
481 749225
482 678590
483 788375
484 917415
485 714157
486 1365383
487 661391
488 950038
489 1353531
490 976772
491 1087667
492 589214
493 1270888
494 1123761
495 1092717
496 727689
497 833872
498 1192274
499 1006405
500 1029163
501 1047529
502 968170
503 879297
504 1062505
505 931150
506 868362
507 654022
508 918317
509 975366
510 1019149
511 1130686
512 1043225
513 897185
514 943341
515 1067031
516 772287
517 842725
518 931192
519 781061
520 901305
521 1288233
522 835684
523 900334
524 1344510
525 965036
526 962517
527 1071995
528 1052454
529 1272950
530 1186983
531 1230837
532 963894
533 990978
534 1122908
535 755232
536 1068377
537 848616
538 1289152
539 1155134
540 999411
541 1022993
542 1226482
543 1362399
544 1265028
545 958447
546 1169791
547 1142708
548 1236234
549 1123351
550 1074091
551 964137
552 1075792
553 840492
554 978542
555 1221633
556 1083917
557 1072523
558 1124411
559 1226529
560 1124648
561 1560870
562 1081038
563 1674624
564 1142017
565 1280089
566 860389
567 954630
568 1180085
569 1629039
570 1119223
571 1032432
572 758758
573 1514706
574 868661
575 1079118
576 1423958
577 1452737
578 1411464
579 858197
580 1459531
581 1641547
582 1255404
583 1066146
584 1013592
585 1644540
586 1127082
587 1456153
588 1236185
589 1170505
590 1403179
591 1272250
592 1370980
593 1483433
594 1506272
595 1372475
596 1870824
597 1144365
598 1485484
599 1230072
600 1263058
601 1399276
602 1398716
603 1360105
604 1441380
605 1452436
606 1632233
607 1360959
608 1461312
609 1752035
610 2018125
611 1954546
612 1326089
613 1506863
614 1464163
615 1788752
616 1581343
617 1432524
618 1267493
619 1712610
620 1311492
621 1879910
622 1764730
623 1354850
624 1890109
625 1419673
626 1462166
627 1649233
628 1405961
629 1354144
630 1307557
631 1567933
632 1424105
633 1625682
634 1938576
635 1355842
636 1337955
637 1679179
638 1823450
639 1489710
640 1866942
641 1638582
642 1334715
643 1306489
644 1754389
645 2550842
646 1093810
647 1393345
648 1342086
649 1768537
650 1840748
651 1495210
652 1920409
653 1565456
654 1868330
655 1760964
656 1268357
657 1399657
658 1187030
659 1650913
660 1470063
661 1567787
662 2038712
663 1888014
664 1708892
665 1434331
666 1833966
667 1842947
668 1452901
669 1633655
670 2247035
671 1700474
672 2055792
673 1694263
674 1574960
675 2190151
676 1297223
677 2263887
678 1841312
679 1725270
680 2573140
681 2300893
682 2083005
683 1807894
684 2109024
685 2062313
686 1879943
687 2009283
688 2297509
689 1336034
690 2484928
691 2072744
692 1978516
693 1646692
694 1853981
695 2515708
696 1592553
697 1492658
698 1300068
699 1757482
700 3022717
701 1297440
702 2069178
703 1672471
704 2083576
705 1729952
706 2204068
707 1582277
708 1970670
709 2098797
710 1824922
711 2392946
712 2467986
713 1442553
714 1916354
715 1756674
716 2127764
717 2986933
718 2082278
719 2465883
720 2528538
721 2766177
722 2150051
723 2348873
724 4009343
725 2024310
726 2260671
727 1911675
728 2266809
729 3837876
730 2620480
731 3087943
732 3427748
733 1754975
734 2086256
735 2319270
736 2231111
737 2742698
738 2125824
739 2426167
740 2575969
741 2364121
742 1990277
743 1974661
744 1855771
745 2133825
746 2524971
747 2247887
748 3103263
749 3093052
750 1787481
751 2521390
752 2914193
753 2036574
754 3418663
755 2603908
756 2196220
757 2366543
758 2268416
759 1766707
760 2231297
761 2619141
762 2292511
763 2125071
764 2391287
765 2046037
766 2383437
767 2876374
768 3077579
769 3789063
770 2351000
771 2646542
772 1832510
773 3902350
774 3660612
775 2222511
776 2473708
777 3751821
778 2126756
779 2663649
780 2514215
781 2528401
782 2672589
783 2049196
784 2923353
785 2396396
786 2767706
787 3290348
788 2809593
789 2771841
790 2496718
791 3337158
792 2606817
793 2165931
794 1813831
795 2664196
796 2513977
797 2804433
798 2396195
799 2730235
800 2271415
801 2949847
802 3218681
803 2175923
804 2697218
805 3209096
806 3518299
807 2794850
808 2625364
809 2785881
810 2660792
811 2665362
812 3436384
813 1826756
814 3327186
815 2236617
816 2627317
817 3428822
818 3532793
819 2441187
820 2978093
821 2279845
822 2951903
823 2639930
824 2149881
825 3275787
826 2739408
827 2983548
828 3459624
829 2730020
830 2662489
831 3459799
832 2057694
833 3637005
834 2615390
835 2912011
836 3381303
837 4272137
838 2419922
839 3089127
840 4332392
841 3155919
842 2240191
843 3081788
844 3636784
845 3405435
846 3698929
847 3492248
848 3479421
849 3101399
850 2857139
851 3394915
852 1865722
853 2838706
854 2642727
855 3048139
856 3484846
857 2872150
858 3459482
859 3375482
860 5319159
861 3273249
862 2930809
863 3679806
864 3895896
865 2993518
866 3084425
867 3081715
868 3772700
869 3346071
870 3631776
871 2711401
872 2938546
873 3226410
874 2580926
875 2945323
876 3035605
877 3104885
878 2471582
879 2439847
880 3643393
881 3069841
882 3697641
883 2730624
884 4068107
885 3123174
886 3497833
887 2738487
888 3104108
889 3141842
890 4233763
891 3095645
892 2660683
893 3024882
894 2833676
895 3421526
896 3808935
897 3995730
898 3662094
899 2865397
900 4928910
901 2947831
902 3489859
903 2524347
904 3912476
905 2689331
906 4436574
907 2619642
908 4413659
909 2186370
910 4065482
911 3072903
912 3879804
913 3491722
914 2832068
915 5237571
916 3035313
917 3839467
918 3583349
919 3409148
920 4305917
921 2988289
922 2947079
923 4449199
924 3622219
925 3091696
926 4219227
927 3189746
928 2690764
929 3431158
930 3718974
931 3373923
932 4865120
933 3824255
934 3001982
935 4364262
936 4646596
937 3393242
938 3937749
939 5617967
940 4446749
941 4051233
942 4730915
943 4863564
944 5113617
945 4337833
946 3654200
947 4023307
948 4411319
949 3905679
950 3777959
951 3414848
952 3784777
953 4315277
954 3861551
955 4558473
956 4035488
957 3021982
958 3777521
959 3320153
960 3533568
961 3515195
962 3269857
963 3206776
964 4948421
965 6919730
966 3854358
967 4338774
968 3636786
969 4470439
970 4613132
971 4453531
972 3908730
973 4671684
974 4699136
975 3994652
976 4640469
977 5155002
978 3237004
979 4714722
980 5467473
981 3697945
982 5055745
983 5110963
984 5070918
985 4247693
986 4180573
987 4976868
988 6081343
989 3486591
990 3136875
991 4323669
992 3333115
993 3609104
994 3292162
995 3464426
996 4406195
997 3393430
998 5642018
999 3769143
1000 5403986
1001 2981161
