2 49
3 53
4 74
5 77
6 90
7 188
8 307
9 135
10 159
11 178
12 185
13 268
14 314
15 268
16 282
17 361
18 332
19 337
20 510
21 789
22 770
23 601
24 488
25 627
26 563
27 727
28 562
29 629
30 510
31 775
32 808
33 940
34 708
35 557
36 746
37 681
38 903
39 936
40 874
41 700
42 735
43 824
44 903
45 849
46 825
47 1134
48 1377
49 841
50 1247
51 919
52 1081
53 1106
54 1234
55 1285
56 1220
57 1316
58 1308
59 1518
60 1230
61 1360
62 1060
63 1544
64 1169
65 1671
66 1199
67 1675
68 1567
69 2475
70 1528
71 1467
72 1391
73 2057
74 3188
75 1676
76 1577
77 1569
78 1798
79 1548
80 1816
81 1810
82 2110
83 1842
84 2456
85 1517
86 1993
87 1959
88 2481
89 1867
90 2350
91 1876
92 2723
93 2599
94 2459
95 2962
96 2268
97 2743
98 2266
99 1906
100 2922
101 1944
102 2349
103 1766
104 2607
105 3000
106 2543
107 2319
108 2720
109 1798
110 2690
111 2539
112 3331
113 2497
114 2368
115 2617
116 2935
117 2877
118 3312
119 3178
120 3344
121 2950
122 3145
123 2931
124 3709
125 3057
126 2751
127 3140
128 3439
129 3700
130 2841
131 2516
132 3862
133 2677
134 3527
135 3568
136 2821
137 3175
138 3264
139 3521
140 2966
141 3884
142 3725
143 3624
144 2838
145 3437
146 3956
147 3835
148 3381
149 3595
150 3134
151 3783
152 3876
153 3364
154 3920
155 3422
156 4538
157 5145
158 4480
159 4661
160 3931
161 4192
162 3951
163 4324
164 3370
165 4696
166 4133
167 3858
168 4608
169 4424
170 4782
171 4129
172 5078
173 4911
174 3763
175 4325
176 4909
177 5402
178 4475
179 5066
180 5700
181 5475
182 4833
183 4355
184 5628
185 5571
186 4909
187 4844
188 4402
189 5047
190 5746
191 4328
192 5641
193 5189
194 5719
195 3843
196 7367
197 5876
198 4350
199 4623
200 5552
201 6122
202 5336
203 5952
204 5596
205 6980
206 5303
207 6467
208 7335
209 4952
210 4824
211 5490
212 5562
213 6279
214 5884
215 5884
216 6684
217 5548
218 7051
219 5915
220 6443
221 6165
222 5923
223 4943
224 6914
225 6226
226 5707
227 6977
228 6412
229 7106
230 6757
231 6587
232 7583
233 6709
234 8018
235 6116
236 5061
237 6469
238 7642
239 5602
240 6859
241 6228
242 6195
243 6995
244 7072
245 8031
246 7237
247 5840
248 7334
249 7289
250 7148
251 6577
252 6832
253 9038
254 6410
255 6929
256 6203
257 8109
258 8747
259 6916
260 7769
261 9268
262 7568
263 7467
264 7174
265 6601
266 7252
267 7503
268 7711
269 7938
270 8054
271 8877
272 9450
273 7895
274 7984
275 7203
276 7398
277 6624
278 8327
279 8255
280 7652
281 6876
282 8130
283 8201
284 9280
285 8367
286 10061
287 5773
288 7293
289 8164
290 9061
291 9061
292 8913
293 8630
294 8178
295 9103
296 9652
297 8825
298 7373
299 10253
300 10570
301 10791
302 6983
303 9022
304 8067
305 10162
306 8249
307 8147
308 11029
309 11040
310 8787
311 10214
312 9944
313 8920
314 9796
315 8131
316 11313
317 9190
318 11358
319 8887
320 10505
321 8049
322 11014
323 10267
324 10668
325 7337
326 9760
327 9740
328 10562
329 10927
330 11471
331 10839
332 11942
333 9186
334 11828
335 10990
336 8646
337 11197
338 8407
339 9964
340 12058
341 10911
342 10926
343 10836
344 11114
345 8978
346 8951
347 11233
348 14563
349 10411
350 10037
351 10404
352 13273
353 13498
354 12513
355 15225
356 10289
357 12087
358 12038
359 10224
360 11799
361 12756
362 11272
363 12134
364 11288
365 11927
366 10604
367 10056
368 12354
369 12335
370 11011
371 15123
372 13654
373 11596
374 16585
375 14124
376 11868
377 12424
378 11074
379 12916
380 10873
381 10299
382 12214
383 13010
384 12109
385 12661
386 9029
387 11384
388 9812
389 14472
390 13709
391 12659
392 16954
393 12682
394 10830
395 13168
396 13671
397 15584
398 13099
399 10326
400 12852
401 13048
402 15028
403 13125
404 15178
405 12189
406 13380
407 14849
408 12966
409 16061
410 12822
411 13150
412 11614
413 14451
414 14795
415 14895
416 11061
417 14070
418 15149
419 12734
420 15812
421 12442
422 10416
423 12997
424 16565
425 14523
426 15903
427 14738
428 13278
429 14854
430 11974
431 14865
432 16782
433 15033
434 14116
435 14090
436 17610
437 15476
438 17371
439 14203
440 15458
441 11786
442 13182
443 15016
444 13387
445 13745
446 19990
447 15205
448 16082
449 17612
450 15368
451 13138
452 15166
453 15188
454 12883
455 15982
456 16192
457 16356
458 18892
459 15914
460 18611
461 13682
462 17205
463 16938
464 14184
465 15469
466 19543
467 14093
468 18212
469 15011
470 17395
471 16692
472 11958
473 16298
474 14723
475 10841
476 14954
477 19395
478 14022
479 15890
480 14998
481 16562
482 15539
483 15834
484 17935
485 13995
486 19092
487 15388
488 18772
489 20621
490 17606
491 17619
492 12672
493 20759
494 18462
495 18784
496 16316
497 16369
498 20130
499 18518
500 18431
501 18624
502 16709
503 16787
504 18091
505 18337
506 16204
507 15013
508 18347
509 17427
510 18241
511 19763
512 19864
513 19096
514 18138
515 17276
516 15722
517 16691
518 18604
519 15779
520 15965
521 21776
522 17536
523 17289
524 22489
525 18218
526 17174
527 20759
528 18981
529 20398
530 19508
531 21118
532 18786
533 18827
534 20550
535 17301
536 18462
537 17729
538 20055
539 18134
540 18098
541 18396
542 21306
543 23394
544 20992
545 19247
546 19954
547 19857
548 20256
549 21743
550 18077
551 18847
552 19195
553 17254
554 16766
555 21685
556 21284
557 19074
558 18302
559 21815
560 21872
561 22607
562 17829
563 24382
564 19183
565 20318
566 16013
567 19109
568 19874
569 21409
570 18840
571 18421
572 17515
573 23360
574 17876
575 18742
576 22118
577 21527
578 22613
579 18032
580 25124
581 22820
582 21378
583 20416
584 17615
585 26006
586 22040
587 22815
588 20427
589 21468
590 22359
591 19101
592 22752
593 21954
594 23630
595 21315
596 28100
597 20769
598 24353
599 21313
600 21169
601 23695
602 21714
603 22329
604 23916
605 23161
606 20945
607 21707
608 24186
609 24793
610 27114
611 26893
612 23505
613 25487
614 24408
615 25901
616 21456
617 23792
618 21698
619 27361
620 22695
621 27606
622 24953
623 20753
624 22915
625 23708
626 22103
627 24783
628 21315
629 24589
630 21553
631 23400
632 23500
633 24797
634 25986
635 22972
636 22258
637 26431
638 26485
639 20798
640 24943
641 23458
642 21474
643 21373
644 25316
645 28783
646 20885
647 25962
648 23121
649 25740
650 26562
651 23396
652 24767
653 22987
654 25379
655 26179
656 19775
657 25074
658 21733
659 26466
660 24495
661 24400
662 28557
663 26298
664 27470
665 23624
666 23841
667 25732
668 22563
669 24867
670 29355
671 27377
672 26584
673 24759
674 25881
675 31545
676 20318
677 31454
678 27298
679 25972
680 30668
681 29146
682 30277
683 24103
684 27672
685 28169
686 26338
687 29977
688 29438
689 22396
690 29041
691 27608
692 28831
693 27900
694 26277
695 29135
696 25125
697 22395
698 21577
699 25483
700 30652
701 24430
702 27388
703 26600
704 29573
705 25160
706 30233
707 25194
708 29570
709 28804
710 25670
711 31084
712 30265
713 24288
714 26272
715 24840
716 29089
717 35132
718 30060
719 29383
720 32789
721 31464
722 29291
723 29848
724 39357
725 29456
726 30628
727 26123
728 29057
729 40152
730 33439
731 32249
732 37344
733 25963
734 27113
735 28648
736 28749
737 34993
738 28039
739 25824
740 30139
741 29669
742 26891
743 26957
744 29269
745 27417
746 30353
747 29444
748 36227
749 33556
750 27381
751 32798
752 35597
753 28165
754 37167
755 31864
756 28077
757 28157
758 32283
759 26015
760 30379
761 29992
762 28513
763 26497
764 29542
765 28098
766 32742
767 31877
768 35442
769 37292
770 33756
771 35518
772 25593
773 41390
774 35083
775 28892
776 30034
777 38014
778 28995
779 31811
780 26910
781 33980
782 32660
783 28915
784 36058
785 30202
786 35944
787 32836
788 32745
789 34106
790 28233
791 39163
792 37311
793 30206
794 27332
795 31611
796 31070
797 33716
798 31645
799 33298
800 29740
801 34802
802 39698
803 33227
804 34697
805 35713
806 36160
807 36732
808 31263
809 33775
810 35450
811 35090
812 38218
813 26148
814 37784
815 31056
816 32060
817 36819
818 40157
819 31976
820 35794
821 30732
822 36668
823 31722
824 28877
825 36967
826 33715
827 33753
828 37606
829 36554
830 32982
831 38889
832 27105
833 38952
834 34821
835 34518
836 40799
837 42796
838 31780
839 36861
840 45936
841 36893
842 27933
843 34062
844 38710
845 41689
846 39557
847 38859
848 36626
849 36316
850 35027
851 38969
852 24473
853 33203
854 32307
855 34801
856 37395
857 33468
858 36934
859 38453
860 44476
861 40428
862 36275
863 38938
864 41224
865 38003
866 37114
867 35500
868 41252
869 36863
870 36605
871 34397
872 34996
873 38663
874 31346
875 36367
876 32843
877 36873
878 30576
879 32343
880 39700
881 38956
882 40805
883 34769
884 41891
885 37224
886 41486
887 37164
888 39070
889 35725
890 41867
891 34723
892 34727
893 39234
894 35819
895 37305
896 42890
897 44084
898 40831
899 35062
900 45457
901 34454
902 38404
903 32819
904 42949
905 32935
906 45441
907 35588
908 44786
909 32053
910 38591
911 34543
912 41696
913 41580
914 36975
915 46847
916 33282
917 37593
918 40827
919 37031
920 48040
921 36199
922 34876
923 44655
924 42830
925 37541
926 45165
927 36706
928 35342
929 40854
930 42300
931 40881
932 45161
933 40348
934 34629
935 44851
936 45198
937 37172
938 39696
939 53775
940 46626
941 41074
942 44967
943 44171
944 49622
945 47295
946 40149
947 43062
948 42599
949 47364
950 36529
951 40202
952 42846
953 42519
954 37188
955 42397
956 43528
957 37629
958 43004
959 38921
960 37964
961 37139
962 39858
963 41015
964 49072
965 49993
966 42782
967 42666
968 41642
969 44921
970 45642
971 45473
972 43919
973 48919
974 43265
975 41215
976 45472
977 47499
978 38254
979 44425
980 49605
981 41802
982 49738
983 47118
984 47756
985 43153
986 46232
987 47223
988 54962
989 40475
990 38877
991 46108
992 38300
993 40710
994 38338
995 42535
996 43344
997 41503
998 51754
999 43568
1000 49994
1001 37993
