2 45
3 57
4 81
5 81
6 81
7 234
8 357
9 180
10 198
11 207
12 234
13 378
14 423
15 243
16 396
17 477
18 432
19 441
20 639
21 846
22 936
23 756
24 594
25 783
26 792
27 945
28 756
29 738
30 585
31 927
32 909
33 1206
34 972
35 774
36 909
37 927
38 1152
39 1278
40 1107
41 918
42 999
43 1152
44 1152
45 1008
46 981
47 1314
48 1710
49 1134
50 1494
51 1287
52 1476
53 1404
54 1566
55 1818
56 1548
57 1791
58 1818
59 2124
60 1575
61 1737
62 1332
63 1935
64 1647
65 2205
66 1602
67 2232
68 2088
69 3150
70 2079
71 2097
72 1683
73 2799
74 4122
75 2160
76 2097
77 1998
78 2286
79 1998
80 2466
81 2349
82 2862
83 2430
84 3231
85 1944
86 2745
87 2673
88 3384
89 2331
90 3285
91 2412
92 3771
93 3429
94 3339
95 3717
96 2880
97 3780
98 3033
99 2394
100 3852
101 2601
102 3141
103 2151
104 3510
105 3879
106 3384
107 3033
108 3654
109 2268
110 3807
111 3375
112 4509
113 3402
114 3186
115 3582
116 4149
117 3960
118 4482
119 4122
120 4536
121 3663
122 4122
123 3996
124 5112
125 4203
126 3744
127 4401
128 4527
129 4923
130 3861
131 3285
132 4707
133 3258
134 4635
135 4554
136 3726
137 4311
138 4329
139 4635
140 3906
141 5121
142 5328
143 5094
144 3717
145 4743
146 5517
147 5310
148 4419
149 4446
150 4059
151 5382
152 5112
153 4455
154 5508
155 4617
156 5994
157 6912
158 6282
159 6147
160 5328
161 5661
162 5517
163 5949
164 4446
165 6390
166 5670
167 5454
168 6255
169 5841
170 6174
171 5751
172 7317
173 6804
174 5031
175 5814
176 6732
177 7515
178 6120
179 7245
180 7956
181 7596
182 6489
183 5904
184 7830
185 7578
186 6723
187 6372
188 6066
189 6867
190 8100
191 5607
192 7659
193 7083
194 7974
195 5031
196 10647
197 8415
198 5814
199 5823
200 7470
201 8676
202 7524
203 7821
204 8136
205 10170
206 7623
207 9234
208 9828
209 6489
210 6219
211 7713
212 7650
213 8649
214 8154
215 8559
216 9630
217 7425
218 10071
219 8424
220 9207
221 8235
222 7893
223 6678
224 9360
225 8433
226 7650
227 9819
228 8478
229 9810
230 9162
231 9009
232 10872
233 9171
234 11241
235 8262
236 6480
237 8631
238 10728
239 7632
240 9342
241 8757
242 8550
243 10377
244 10467
245 10566
246 10161
247 7848
248 9864
249 10152
250 9810
251 9117
252 9117
253 12177
254 8802
255 9432
256 8613
257 11169
258 11754
259 9288
260 10548
261 12537
262 10575
263 10557
264 9936
265 8829
266 9729
267 10431
268 10863
269 10665
270 11637
271 12492
272 13158
273 11160
274 11052
275 9999
276 9855
277 8982
278 11556
279 11259
280 10782
281 8928
282 11304
283 11133
284 12978
285 11214
286 14490
287 7290
288 9792
289 11124
290 12078
291 12942
292 12591
293 12132
294 11196
295 12420
296 13959
297 12564
298 10332
299 14040
300 14688
301 15390
302 9198
303 12798
304 11142
305 14220
306 11286
307 11682
308 16164
309 15939
310 12078
311 14355
312 14256
313 12663
314 13644
315 10908
316 15885
317 13041
318 16236
319 12348
320 14301
321 10764
322 15516
323 14427
324 15093
325 9486
326 14220
327 14004
328 14958
329 13977
330 16317
331 14868
332 16929
333 12483
334 16326
335 15156
336 12078
337 14787
338 10674
339 14598
340 17136
341 15237
342 15147
343 15489
344 16065
345 12411
346 11709
347 15498
348 20412
349 14436
350 14238
351 14787
352 19269
353 18792
354 17541
355 20628
356 14076
357 16623
358 16416
359 14013
360 16398
361 17928
362 15768
363 17199
364 15633
365 16875
366 14922
367 13032
368 16947
369 17190
370 15336
371 21465
372 19233
373 16299
374 23544
375 19656
376 16452
377 17370
378 14634
379 18117
380 14832
381 14364
382 17325
383 17874
384 16344
385 18126
386 11304
387 16191
388 13113
389 20700
390 19674
391 17811
392 24291
393 17667
394 14931
395 18531
396 19458
397 22122
398 18243
399 13770
400 17739
401 17820
402 21015
403 18225
404 21339
405 16866
406 19161
407 20961
408 18135
409 22590
410 17757
411 18549
412 15570
413 20610
414 20997
415 21015
416 15192
417 19656
418 21465
419 18036
420 22374
421 16776
422 14112
423 18378
424 23508
425 20520
426 22239
427 20457
428 18891
429 20925
430 16524
431 21141
432 22806
433 20745
434 19962
435 19494
436 25146
437 21564
438 24561
439 19899
440 21870
441 16074
442 18324
443 21393
444 18450
445 18945
446 27864
447 21609
448 23238
449 25344
450 21744
451 18072
452 21483
453 21798
454 17325
455 22590
456 22095
457 22959
458 27315
459 22941
460 27063
461 17721
462 24543
463 23859
464 19413
465 21924
466 27855
467 19683
468 26361
469 21069
470 24804
471 23832
472 15993
473 22959
474 21132
475 13689
476 21015
477 27882
478 19764
479 22590
480 20736
481 23679
482 21969
483 22293
484 25191
485 19152
486 26820
487 21897
488 27396
489 29430
490 24966
491 24750
492 17118
493 29574
494 25893
495 26028
496 21897
497 22365
498 28935
499 26460
500 26793
501 26748
502 22923
503 24102
504 26118
505 26163
506 22590
507 20871
508 26388
509 24912
510 25632
511 28107
512 26991
513 27099
514 25605
515 24012
516 21834
517 23859
518 26595
519 22104
520 22239
521 31590
522 24201
523 24165
524 32346
525 26064
526 23535
527 30393
528 26559
529 28908
530 27954
531 29763
532 26613
533 26784
534 29763
535 23598
536 26163
537 24714
538 28314
539 25614
540 26010
541 26118
542 31077
543 34398
544 30024
545 27846
546 28359
547 27936
548 28701
549 31077
550 25470
551 27594
552 27198
553 23805
554 23040
555 31275
556 29673
557 26820
558 25695
559 30645
560 31446
561 32436
562 24957
563 35055
564 27783
565 28134
566 22482
567 27252
568 28251
569 30267
570 26784
571 25983
572 24714
573 33867
574 25335
575 26010
576 30969
577 30663
578 32166
579 25065
580 36180
581 32247
582 30861
583 28818
584 24867
585 37476
586 31437
587 31923
588 28764
589 30222
590 31545
591 26856
592 32427
593 31680
594 33894
595 29556
596 40374
597 30321
598 35217
599 30447
600 30132
601 34371
602 30330
603 31671
604 34641
605 32940
606 29052
607 30726
608 34713
609 34929
610 38340
611 38061
612 33705
613 36450
614 35289
615 36999
616 29034
617 33642
618 31212
619 39339
620 32130
621 39465
622 35433
623 29232
624 32931
625 32805
626 30816
627 35370
628 30879
629 35163
630 30627
631 32661
632 34038
633 35874
634 36342
635 32481
636 31005
637 38277
638 37197
639 28818
640 35847
641 32823
642 30888
643 30348
644 36072
645 40230
646 29889
647 36540
648 32634
649 36252
650 38097
651 32661
652 34974
653 32472
654 35604
655 36477
656 26937
657 36027
658 30627
659 38412
660 34794
661 34389
662 41103
663 37269
664 39645
665 33579
666 33768
667 36549
668 31734
669 35748
670 40968
671 39537
672 37719
673 34002
674 37017
675 45540
676 27171
677 46008
678 38952
679 37314
680 44154
681 41400
682 43722
683 32769
684 39690
685 40752
686 37143
687 42822
688 41364
689 30807
690 41202
691 39456
692 40842
693 39888
694 37746
695 41526
696 35532
697 31257
698 30105
699 36657
700 42723
701 35775
702 38844
703 37557
704 42570
705 34659
706 42003
707 35172
708 43848
709 41283
710 35721
711 44460
712 45072
713 34731
714 37116
715 35235
716 41166
717 50463
718 43740
719 41625
720 47592
721 45324
722 41526
723 43218
724 56205
725 42183
726 45063
727 36999
728 42228
729 56988
730 48528
731 44064
732 53586
733 36468
734 38313
735 40446
736 40788
737 50400
738 40122
739 36045
740 42705
741 42921
742 38646
743 37737
744 42516
745 38493
746 42912
747 41148
748 52317
749 47457
750 39474
751 46746
752 51453
753 39681
754 52506
755 45135
756 39222
757 38970
758 47007
759 36567
760 43704
761 41940
762 39429
763 36819
764 41850
765 40266
766 47142
767 44667
768 50877
769 52263
770 48402
771 51471
772 35991
773 59445
774 49320
775 41256
776 42048
777 53478
778 40707
779 45117
780 38394
781 48798
782 47628
783 40671
784 52704
785 42570
786 52308
787 46179
788 46782
789 48618
790 38745
791 56529
792 54207
793 42867
794 38115
795 44208
796 44163
797 48303
798 45774
799 47448
800 42075
801 50634
802 56484
803 47997
804 50148
805 51318
806 50895
807 53649
808 44091
809 48771
810 50130
811 50166
812 54711
813 35991
814 54081
815 44460
816 46530
817 53352
818 57519
819 44568
820 50535
821 44892
822 52263
823 44694
824 41229
825 53352
826 47709
827 47322
828 53334
829 52632
830 46809
831 55926
832 37737
833 55206
834 49077
835 48996
836 60399
837 60966
838 45369
839 53586
840 66618
841 53199
842 39681
843 47916
844 56142
845 59985
846 57213
847 56070
848 51678
849 51138
850 50193
851 55620
852 33048
853 45675
854 45981
855 50175
856 54459
857 46827
858 53109
859 55773
860 63171
861 58545
862 52695
863 55026
864 58140
865 54306
866 53478
867 50850
868 59184
869 52785
870 53073
871 50040
872 50067
873 55863
874 45432
875 51543
876 46161
877 53163
878 42759
879 45630
880 56970
881 56403
882 58599
883 50058
884 58788
885 53019
886 60075
887 53595
888 55566
889 50445
890 60705
891 49257
892 49104
893 55035
894 51813
895 54441
896 61398
897 63774
898 58419
899 49671
900 65142
901 49068
902 55629
903 46854
904 60381
905 46827
906 64980
907 50202
908 64476
909 45036
910 54540
911 48726
912 60678
913 59427
914 53775
915 66294
916 46656
917 53172
918 59022
919 52758
920 69507
921 51831
922 49752
923 63531
924 62532
925 53082
926 65385
927 52848
928 51651
929 60228
930 60885
931 60075
932 64269
933 57393
934 49131
935 64602
936 64881
937 52992
938 56025
939 77769
940 66960
941 59877
942 63900
943 62451
944 71685
945 68787
946 57510
947 62037
948 59985
949 68823
950 51426
951 56754
952 62784
953 60021
954 52452
955 61137
956 62523
957 53244
958 62559
959 55836
960 53343
961 53055
962 57204
963 58788
964 70551
965 70434
966 59913
967 61218
968 59760
969 63153
970 65565
971 64719
972 63504
973 70614
974 60183
975 58662
976 65736
977 66816
978 55566
979 63837
980 70677
981 60219
982 71838
983 66771
984 68976
985 62145
986 66564
987 67968
988 79326
989 56907
990 55359
991 67689
992 52848
993 58131
994 53775
995 61974
996 64044
997 59643
998 73998
999 63414
1000 71964
1001 53370
