100
199
196
194
193
192
190
184
183
181
178
177
174
173
171
169
166
164
163
162
161
158
157
156
154
153
152
150
149
147
146
145
144
143
142
141
139
138
137
136
133
132
131
125
122
121
120
119
116
113
110
109
108
107
106
104
103
100
98
94
93
92
89
84
82
80
78
77
76
75
74
68
66
65
64
60
54
50
49
48
44
40
38
37
36
35
33
28
23
21
20
17
14
11
10
8
7
6
5
1
0
198
197
194
193
191
190
189
188
186
183
182
176
174
172
171
164
162
154
153
152
150
148
147
142
141
138
136
135
132
130
129
128
126
124
122
119
117
116
113
112
108
106
100
99
98
96
95
94
93
91
90
89
88
86
84
82
80
79
75
71
70
69
68
66
61
60
58
57
56
55
54
53
51
50
49
48
47
44
41
40
38
37
35
34
31
30
29
27
23
22
19
18
17
15
14
10
6
2
1
0
0