100
199
198
197
195
194
192
190
187
183
182
180
176
175
174
173
170
169
168
167
166
163
160
159
157
154
150
148
144
142
139
138
133
132
130
129
127
125
123
121
118
115
114
110
109
108
104
102
98
95
93
92
91
88
87
86
85
83
78
77
76
75
71
69
68
66
64
63
61
60
56
55
54
51
50
49
47
46
43
42
39
38
37
35
33
29
26
25
24
23
18
17
16
14
13
12
10
9
5
4
3
198
197
188
187
186
185
184
182
180
179
178
175
174
173
171
170
167
165
163
162
161
158
156
152
148
147
146
145
144
143
141
140
139
138
137
136
133
131
130
129
126
123
122
120
119
118
117
115
114
108
107
106
102
101
100
99
98
96
95
93
92
91
89
86
84
76
74
72
71
69
68
66
61
60
59
58
54
53
52
51
47
46
44
40
38
33
30
29
27
24
22
20
19
17
16
15
11
7
2
0
0