2 3
3 5
4 7
5 7
6 7
7 9
8 7
9 9
10 7
11 9
12 7
13 9
14 7
15 9
16 7
17 9
18 7
19 9
20 7
21 9
22 7
23 11
24 7
25 11
26 7
27 9
28 7
29 11
30 7
31 11
32 7
33 9
34 7
35 11
36 7
37 11
38 7
39 9
40 7
41 11
42 7
43 13
44 7
45 9
46 7
47 13
48 7
49 13
50 7
51 9
52 7
53 13
54 7
55 11
56 7
57 9
58 7
59 13
60 7
61 13
62 7
63 9
64 7
65 11
66 7
67 13
68 7
69 9
70 7
71 13
72 7
73 13
74 7
75 9
76 7
77 13
78 7
79 13
80 7
81 9
82 7
83 13
84 7
85 11
86 7
87 9
88 7
89 13
90 7
91 13
92 7
93 9
94 7
95 11
96 7
97 13
98 7
99 9
100 7
101 13
102 7
103 13
104 7
105 9
106 7
107 13
108 7
109 13
110 7
111 9
112 7
113 15
114 7
115 11
116 7
117 9
118 7
119 13
120 7
121 15
122 7
123 9
124 7
125 11
126 7
127 15
128 7
129 9
130 7
131 15
132 7
133 13
134 7
135 9
136 7
137 15
138 7
139 15
140 7
141 9
142 7
143 15
144 7
145 11
146 7
147 9
148 7
149 15
150 7
151 15
152 7
153 9
154 7
155 11
156 7
157 17
158 7
159 9
160 7
161 13
162 7
163 17
164 7
165 9
166 7
167 17
168 7
169 17
170 7
171 9
172 7
173 17
174 7
175 11
176 7
177 9
178 7
179 17
180 7
181 17
182 7
183 9
184 7
185 11
186 7
187 15
188 7
189 9
190 7
191 17
192 7
193 17
194 7
195 9
196 7
197 17
198 7
199 17
200 7
201 9
202 7
203 13
204 7
205 11
206 7
207 9
208 7
209 15
210 7
211 17
212 7
213 9
214 7
215 11
216 7
217 13
218 7
219 9
220 7
221 17
222 7
223 17
224 7
225 9
226 7
227 17
228 7
229 17
230 7
231 9
232 7
233 17
234 7
235 11
236 7
237 9
238 7
239 17
240 7
241 17
242 7
243 9
244 7
245 11
246 7
247 17
248 7
249 9
250 7
251 17
252 7
253 15
254 7
255 9
256 7
257 17
258 7
259 13
260 7
261 9
262 7
263 17
264 7
265 11
266 7
267 9
268 7
269 17
270 7
271 17
272 7
273 9
274 7
275 11
276 7
277 19
278 7
279 9
280 7
281 19
282 7
283 19
284 7
285 9
286 7
287 13
288 7
289 19
290 7
291 9
292 7
293 19
294 7
295 11
296 7
297 9
298 7
299 17
300 7
301 13
302 7
303 9
304 7
305 11
306 7
307 19
308 7
309 9
310 7
311 19
312 7
313 19
314 7
315 9
316 7
317 19
318 7
319 15
320 7
321 9
322 7
323 19
324 7
325 11
326 7
327 9
328 7
329 13
330 7
331 19
332 7
333 9
334 7
335 11
336 7
337 19
338 7
339 9
340 7
341 15
342 7
343 13
344 7
345 9
346 7
347 21
348 7
349 21
350 7
351 9
352 7
353 21
354 7
355 11
356 7
357 9
358 7
359 21
360 7
361 21
362 7
363 9
364 7
365 11
366 7
367 21
368 7
369 9
370 7
371 13
372 7
373 21
374 7
375 9
376 7
377 17
378 7
379 21
380 7
381 9
382 7
383 21
384 7
385 11
386 7
387 9
388 7
389 21
390 7
391 19
392 7
393 9
394 7
395 11
396 7
397 21
398 7
399 9
400 7
401 21
402 7
403 17
404 7
405 9
406 7
407 15
408 7
409 21
410 7
411 9
412 7
413 13
414 7
415 11
416 7
417 9
418 7
419 21
420 7
421 21
422 7
423 9
424 7
425 11
426 7
427 13
428 7
429 9
430 7
431 21
432 7
433 21
434 7
435 9
436 7
437 21
438 7
439 21
440 7
441 9
442 7
443 21
444 7
445 11
446 7
447 9
448 7
449 21
450 7
451 15
452 7
453 9
454 7
455 11
456 7
457 21
458 7
459 9
460 7
461 21
462 7
463 21
464 7
465 9
466 7
467 21
468 7
469 13
470 7
471 9
472 7
473 15
474 7
475 11
476 7
477 9
478 7
479 21
480 7
481 17
482 7
483 9
484 7
485 11
486 7
487 21
488 7
489 9
490 7
491 21
492 7
493 19
494 7
495 9
496 7
497 13
498 7
499 21
500 7
501 9
502 7
503 21
504 7
505 11
506 7
507 9
508 7
509 23
510 7
511 13
512 7
513 9
514 7
515 11
516 7
517 15
518 7
519 9
520 7
521 23
522 7
523 23
524 7
525 9
526 7
527 19
528 7
529 23
530 7
531 9
532 7
533 17
534 7
535 11
536 7
537 9
538 7
539 13
540 7
541 23
542 7
543 9
544 7
545 11
546 7
547 23
548 7
549 9
550 7
551 21
552 7
553 13
554 7
555 9
556 7
557 23
558 7
559 17
560 7
561 9
562 7
563 23
564 7
565 11
566 7
567 9
568 7
569 23
570 7
571 23
572 7
573 9
574 7
575 11
576 7
577 23
578 7
579 9
580 7
581 13
582 7
583 15
584 7
585 9
586 7
587 23
588 7
589 21
590 7
591 9
592 7
593 23
594 7
595 11
596 7
597 9
598 7
599 23
600 7
601 23
602 7
603 9
604 7
605 11
606 7
607 23
608 7
609 9
610 7
611 17
612 7
613 23
614 7
615 9
616 7
617 23
618 7
619 23
620 7
621 9
622 7
623 13
624 7
625 11
626 7
627 9
628 7
629 19
630 7
631 23
632 7
633 9
634 7
635 11
636 7
637 13
638 7
639 9
640 7
641 23
642 7
643 23
644 7
645 9
646 7
647 23
648 7
649 15
650 7
651 9
652 7
653 23
654 7
655 11
656 7
657 9
658 7
659 23
660 7
661 23
662 7
663 9
664 7
665 11
666 7
667 23
668 7
669 9
670 7
671 15
672 7
673 23
674 7
675 9
676 7
677 23
678 7
679 13
680 7
681 9
682 7
683 23
684 7
685 11
686 7
687 9
688 7
689 17
690 7
691 23
692 7
693 9
694 7
695 11
696 7
697 19
698 7
699 9
700 7
701 23
702 7
703 21
704 7
705 9
706 7
707 13
708 7
709 23
710 7
711 9
712 7
713 23
714 7
715 11
716 7
717 9
718 7
719 23
720 7
721 13
722 7
723 9
724 7
725 11
726 7
727 23
728 7
729 9
730 7
731 19
732 7
733 23
734 7
735 9
736 7
737 15
738 7
739 23
740 7
741 9
742 7
743 23
744 7
745 11
746 7
747 9
748 7
749 13
750 7
751 23
752 7
753 9
754 7
755 11
756 7
757 23
758 7
759 9
760 7
761 23
762 7
763 13
764 7
765 9
766 7
767 17
768 7
769 23
770 7
771 9
772 7
773 23
774 7
775 11
776 7
777 9
778 7
779 21
780 7
781 15
782 7
783 9
784 7
785 11
786 7
787 23
788 7
789 9
790 7
791 13
792 7
793 17
794 7
795 9
796 7
797 23
798 7
799 19
800 7
801 9
802 7
803 15
804 7
805 11
806 7
807 9
808 7
809 23
810 7
811 23
812 7
813 9
814 7
815 11
816 7
817 21
818 7
819 9
820 7
821 25
822 7
823 25
824 7
825 9
826 7
827 25
828 7
829 25
830 7
831 9
832 7
833 13
834 7
835 11
836 7
837 9
838 7
839 25
840 7
841 25
842 7
843 9
844 7
845 11
846 7
847 13
848 7
849 9
850 7
851 23
852 7
853 25
854 7
855 9
856 7
857 25
858 7
859 25
860 7
861 9
862 7
863 25
864 7
865 11
866 7
867 9
868 7
869 15
870 7
871 17
872 7
873 9
874 7
875 11
876 7
877 25
878 7
879 9
880 7
881 25
882 7
883 25
884 7
885 9
886 7
887 25
888 7
889 13
890 7
891 9
892 7
893 21
894 7
895 11
896 7
897 9
898 7
899 25
900 7
901 19
902 7
903 9
904 7
905 11
906 7
907 25
908 7
909 9
910 7
911 25
912 7
913 15
914 7
915 9
916 7
917 13
918 7
919 25
920 7
921 9
922 7
923 17
924 7
925 11
926 7
927 9
928 7
929 25
930 7
931 13
932 7
933 9
934 7
935 11
936 7
937 27
938 7
939 9
940 7
941 27
942 7
943 23
944 7
945 9
946 7
947 27
948 7
949 17
950 7
951 9
952 7
953 27
954 7
955 11
956 7
957 9
958 7
959 13
960 7
961 27
962 7
963 9
964 7
965 11
966 7
967 27
968 7
969 9
970 7
971 27
972 7
973 13
974 7
975 9
976 7
977 27
978 7
979 15
980 7
981 9
982 7
983 27
984 7
985 11
986 7
987 9
988 7
989 23
990 7
991 27
992 7
993 9
994 7
995 11
996 7
997 27
998 7
999 9
1000 7
1001 13
1002 7
1003 19
1004 7
1005 9
1006 7
1007 21
1008 7
1009 27
1010 7
1011 9
1012 7
1013 27
1014 7
1015 11
1016 7
1017 9
1018 7
1019 27
1020 7
1021 27
1022 7
1023 9
1024 7
1025 11
1026 7
1027 17
1028 7
1029 9
1030 7
1031 27
1032 7
1033 27
1034 7
1035 9
1036 7
1037 19
1038 7
1039 27
1040 7
1041 9
1042 7
1043 13
1044 7
1045 11
1046 7
1047 9
1048 7
1049 27
1050 7
1051 27
1052 7
1053 9
1054 7
1055 11
1056 7
1057 13
1058 7
1059 9
1060 7
1061 27
1062 7
1063 27
1064 7
1065 9
1066 7
1067 15
1068 7
1069 27
1070 7
1071 9
1072 7
1073 25
1074 7
1075 11
1076 7
1077 9
1078 7
1079 17
1080 7
1081 23
1082 7
1083 9
1084 7
1085 11
1086 7
1087 27
1088 7
1089 9
1090 7
1091 27
1092 7
1093 27
1094 7
1095 9
1096 7
1097 27
1098 7
1099 13
1100 7
1101 9
1102 7
1103 27
1104 7
1105 11
1106 7
1107 9
1108 7
1109 27
1110 7
1111 15
1112 7
1113 9
1114 7
1115 11
1116 7
1117 27
1118 7
1119 9
1120 7
1121 21
1122 7
1123 27
1124 7
1125 9
1126 7
1127 13
1128 7
1129 27
1130 7
1131 9
1132 7
1133 15
1134 7
1135 11
1136 7
1137 9
1138 7
1139 19
1140 7
1141 13
1142 7
1143 9
1144 7
1145 11
1146 7
1147 27
1148 7
1149 9
1150 7
1151 27
1152 7
1153 27
1154 7
1155 9
1156 7
1157 17
1158 7
1159 21
1160 7
1161 9
1162 7
1163 27
1164 7
1165 11
1166 7
1167 9
1168 7
1169 13
1170 7
1171 27
1172 7
1173 9
1174 7
1175 11
1176 7
1177 15
1178 7
1179 9
1180 7
1181 27
1182 7
1183 13
1184 7
1185 9
1186 7
1187 27
1188 7
1189 25
1190 7
1191 9
1192 7
1193 27
1194 7
1195 11
1196 7
1197 9
1198 7
1199 15
1200 7
1201 27
1202 7
1203 9
1204 7
1205 11
1206 7
1207 19
1208 7
1209 9
1210 7
1211 13
1212 7
1213 27
1214 7
1215 9
1216 7
1217 27
1218 7
1219 23
1220 7
1221 9
1222 7
1223 27
1224 7
1225 11
1226 7
1227 9
1228 7
1229 27
1230 7
1231 27
1232 7
1233 9
1234 7
1235 11
1236 7
1237 27
1238 7
1239 9
1240 7
1241 19
1242 7
1243 15
1244 7
1245 9
1246 7
1247 25
1248 7
1249 27
1250 7
1251 9
1252 7
1253 13
1254 7
1255 11
1256 7
1257 9
1258 7
1259 27
1260 7
1261 17
1262 7
1263 9
1264 7
1265 11
1266 7
1267 13
1268 7
1269 9
1270 7
1271 27
1272 7
1273 21
1274 7
1275 9
1276 7
1277 27
1278 7
1279 27
1280 7
1281 9
1282 7
1283 27
1284 7
1285 11
1286 7
1287 9
1288 7
1289 27
1290 7
1291 27
1292 7
1293 9
1294 7
1295 11
1296 7
1297 27
1298 7
1299 9
1300 7
1301 27
1302 7
1303 27
1304 7
1305 9
1306 7
1307 27
1308 7
1309 13
1310 7
1311 9
1312 7
1313 17
1314 7
1315 11
1316 7
1317 9
1318 7
1319 27
1320 7
1321 27
1322 7
1323 9
1324 7
1325 11
1326 7
1327 27
1328 7
1329 9
1330 7
1331 15
1332 7
1333 27
1334 7
1335 9
1336 7
1337 13
1338 7
1339 17
1340 7
1341 9
1342 7
1343 19
1344 7
1345 11
1346 7
1347 9
1348 7
1349 21
1350 7
1351 13
1352 7
1353 9
1354 7
1355 11
1356 7
1357 23
1358 7
1359 9
1360 7
1361 29
1362 7
1363 25
1364 7
1365 9
1366 7
1367 29
1368 7
1369 29
1370 7
1371 9
1372 7
1373 29
1374 7
1375 11
1376 7
1377 9
1378 7
1379 13
1380 7
1381 29
1382 7
1383 9
1384 7
1385 11
1386 7
1387 21
1388 7
1389 9
1390 7
1391 17
1392 7
1393 13
1394 7
1395 9
1396 7
1397 15
1398 7
1399 29
1400 7
1401 9
1402 7
1403 23
1404 7
1405 11
1406 7
1407 9
1408 7
1409 29
1410 7
1411 19
1412 7
1413 9
1414 7
1415 11
1416 7
1417 17
1418 7
1419 9
1420 7
1421 13
1422 7
1423 29
1424 7
1425 9
1426 7
1427 29
1428 7
1429 29
1430 7
1431 9
1432 7
1433 29
1434 7
1435 11
1436 7
1437 9
1438 7
1439 29
1440 7
1441 15
1442 7
1443 9
1444 7
1445 11
1446 7
1447 29
1448 7
1449 9
1450 7
1451 29
1452 7
1453 29
1454 7
1455 9
1456 7
1457 27
1458 7
1459 29
1460 7
1461 9
1462 7
1463 13
1464 7
1465 11
1466 7
1467 9
1468 7
1469 17
1470 7
1471 29
1472 7
1473 9
1474 7
1475 11
1476 7
1477 13
1478 7
1479 9
1480 7
1481 29
1482 7
1483 29
1484 7
1485 9
1486 7
1487 29
1488 7
1489 29
1490 7
1491 9
1492 7
1493 29
1494 7
1495 11
1496 7
1497 9
1498 7
1499 29
1500 7
1501 21
1502 7
1503 9
1504 7
1505 11
1506 7
1507 15
1508 7
1509 9
1510 7
1511 29
1512 7
1513 19
1514 7
1515 9
1516 7
1517 29
1518 7
1519 13
1520 7
1521 9
1522 7
1523 29
1524 7
1525 11
1526 7
1527 9
1528 7
1529 15
1530 7
1531 29
1532 7
1533 9
1534 7
1535 11
1536 7
1537 25
1538 7
1539 9
1540 7
1541 23
1542 7
1543 29
1544 7
1545 9
1546 7
1547 13
1548 7
1549 29
1550 7
1551 9
1552 7
1553 29
1554 7
1555 11
1556 7
1557 9
1558 7
1559 29
1560 7
1561 13
1562 7
1563 9
1564 7
1565 11
1566 7
1567 29
1568 7
1569 9
1570 7
1571 29
1572 7
1573 15
1574 7
1575 9
1576 7
1577 21
1578 7
1579 29
1580 7
1581 9
1582 7
1583 29
1584 7
1585 11
1586 7
1587 9
1588 7
1589 13
1590 7
1591 29
1592 7
1593 9
1594 7
1595 11
1596 7
1597 29
1598 7
1599 9
1600 7
1601 29
1602 7
1603 13
1604 7
1605 9
1606 7
1607 29
1608 7
1609 29
1610 7
1611 9
1612 7
1613 29
1614 7
1615 11
1616 7
1617 9
1618 7
1619 29
1620 7
1621 29
1622 7
1623 9
1624 7
1625 11
1626 7
1627 29
1628 7
1629 9
1630 7
1631 13
1632 7
1633 23
1634 7
1635 9
1636 7
1637 29
1638 7
1639 15
1640 7
1641 9
1642 7
1643 27
1644 7
1645 11
1646 7
1647 9
1648 7
1649 19
1650 7
1651 17
1652 7
1653 9
1654 7
1655 11
1656 7
1657 31
1658 7
1659 9
1660 7
1661 15
1662 7
1663 31
1664 7
1665 9
1666 7
1667 31
1668 7
1669 31
1670 7
1671 9
1672 7
1673 13
1674 7
1675 11
1676 7
1677 9
1678 7
1679 23
1680 7
1681 31
1682 7
1683 9
1684 7
1685 11
1686 7
1687 13
1688 7
1689 9
1690 7
1691 21
1692 7
1693 31
1694 7
1695 9
1696 7
1697 31
1698 7
1699 31
1700 7
1701 9
1702 7
1703 17
1704 7
1705 11
1706 7
1707 9
1708 7
1709 31
1710 7
1711 25
1712 7
1713 9
1714 7
1715 11
1716 7
1717 19
1718 7
1719 9
1720 7
1721 31
1722 7
1723 31
1724 7
1725 9
1726 7
1727 15
1728 7
1729 13
1730 7
1731 9
1732 7
1733 31
1734 7
1735 11
1736 7
1737 9
1738 7
1739 29
1740 7
1741 31
1742 7
1743 9
1744 7
1745 11
1746 7
1747 31
1748 7
1749 9
1750 7
1751 19
1752 7
1753 31
1754 7
1755 9
1756 7
1757 13
1758 7
1759 31
1760 7
1761 9
1762 7
1763 31
1764 7
1765 11
1766 7
1767 9
1768 7
1769 25
1770 7
1771 13
1772 7
1773 9
1774 7
1775 11
1776 7
1777 31
1778 7
1779 9
1780 7
1781 17
1782 7
1783 31
1784 7
1785 9
1786 7
1787 31
1788 7
1789 31
1790 7
1791 9
1792 7
1793 15
1794 7
1795 11
1796 7
1797 9
1798 7
1799 13
1800 7
1801 31
1802 7
1803 9
1804 7
1805 11
1806 7
1807 17
1808 7
1809 9
1810 7
1811 33
1812 7
1813 13
1814 7
1815 9
1816 7
1817 23
1818 7
1819 19
1820 7
1821 9
1822 7
1823 33
1824 7
1825 11
1826 7
1827 9
1828 7
1829 27
1830 7
1831 33
1832 7
1833 9
1834 7
1835 11
1836 7
1837 15
1838 7
1839 9
1840 7
1841 13
1842 7
1843 21
1844 7
1845 9
1846 7
1847 33
1848 7
1849 33
1850 7
1851 9
1852 7
1853 19
1854 7
1855 11
1856 7
1857 9
1858 7
1859 15
1860 7
1861 33
1862 7
1863 9
1864 7
1865 11
1866 7
1867 33
1868 7
1869 9
1870 7
1871 33
1872 7
1873 33
1874 7
1875 9
1876 7
1877 33
1878 7
1879 33
1880 7
1881 9
1882 7
1883 13
1884 7
1885 11
1886 7
1887 9
1888 7
1889 33
1890 7
1891 27
1892 7
1893 9
1894 7
1895 11
1896 7
1897 13
1898 7
1899 9
1900 7
1901 33
1902 7
1903 15
1904 7
1905 9
1906 7
1907 33
1908 7
1909 23
1910 7
1911 9
1912 7
1913 33
1914 7
1915 11
1916 7
1917 9
1918 7
1919 21
1920 7
1921 19
1922 7
1923 9
1924 7
1925 11
1926 7
1927 31
1928 7
1929 9
1930 7
1931 33
1932 7
1933 33
1934 7
1935 9
1936 7
1937 17
1938 7
1939 13
1940 7
1941 9
1942 7
1943 25
1944 7
1945 11
1946 7
1947 9
1948 7
1949 33
1950 7
1951 33
1952 7
1953 9
1954 7
1955 11
1956 7
1957 21
1958 7
1959 9
1960 7
1961 29
1962 7
1963 17
1964 7
1965 9
1966 7
1967 13
1968 7
1969 15
1970 7
1971 9
1972 7
1973 33
1974 7
1975 11
1976 7
1977 9
1978 7
1979 33
1980 7
1981 13
1982 7
1983 9
1984 7
1985 11
1986 7
1987 33
1988 7
1989 9
1990 7
1991 15
1992 7
1993 33
1994 7
1995 9
1996 7
1997 33
1998 7
1999 33
2000 7
2001 9
2002 7
2003 33
2004 7
2005 11
2006 7
2007 9
2008 7
2009 13
2010 7
2011 33
2012 7
2013 9
2014 7
2015 11
2016 7
2017 33
2018 7
2019 9
2020 7
2021 33
2022 7
2023 13
2024 7
2025 9
2026 7
2027 33
2028 7
2029 33
2030 7
2031 9
2032 7
2033 21
2034 7
2035 11
2036 7
2037 9
2038 7
2039 33
2040 7
2041 17
2042 7
2043 9
2044 7
2045 11
2046 7
2047 23
2048 7
2049 9
2050 7
2051 13
2052 7
2053 33
2054 7
2055 9
2056 7
2057 15
2058 7
2059 25
2060 7
2061 9
2062 7
2063 33
2064 7
2065 11
2066 7
2067 9
2068 7
2069 33
2070 7
2071 21
2072 7
2073 9
2074 7
2075 11
2076 7
2077 27
2078 7
2079 9
2080 7
2081 33
2082 7
2083 33
2084 7
2085 9
2086 7
2087 33
2088 7
2089 33
2090 7
2091 9
2092 7
2093 13
2094 7
2095 11
2096 7
2097 9
2098 7
2099 33
2100 7
2101 15
2102 7
2103 9
2104 7
2105 11
2106 7
2107 13
2108 7
2109 9
2110 7
2111 33
2112 7
2113 33
2114 7
2115 9
2116 7
2117 25
2118 7
2119 17
2120 7
2121 9
2122 7
2123 15
2124 7
2125 11
2126 7
2127 9
2128 7
2129 33
2130 7
2131 33
2132 7
2133 9
2134 7
2135 11
2136 7
2137 33
2138 7
2139 9
2140 7
2141 33
2142 7
2143 33
2144 7
2145 9
2146 7
2147 21
2148 7
2149 13
2150 7
2151 9
2152 7
2153 33
2154 7
2155 11
2156 7
2157 9
2158 7
2159 19
2160 7
2161 33
2162 7
2163 9
2164 7
2165 11
2166 7
2167 15
2168 7
2169 9
2170 7
2171 17
2172 7
2173 31
2174 7
2175 9
2176 7
2177 13
2178 7
2179 35
2180 7
2181 9
2182 7
2183 29
2184 7
2185 11
2186 7
2187 9
2188 7
2189 15
2190 7
2191 13
2192 7
2193 9
2194 7
2195 11
2196 7
2197 17
2198 7
2199 9
2200 7
2201 27
2202 7
2203 35
2204 7
2205 9
2206 7
2207 35
2208 7
2209 35
2210 7
2211 9
2212 7
2213 35
2214 7
2215 11
2216 7
2217 9
2218 7
2219 13
2220 7
2221 35
2222 7
2223 9
2224 7
2225 11
2226 7
2227 19
2228 7
2229 9
2230 7
2231 23
2232 7
2233 13
2234 7
2235 9
2236 7
2237 35
2238 7
2239 35
2240 7
2241 9
2242 7
2243 35
2244 7
2245 11
2246 7
2247 9
2248 7
2249 17
2250 7
2251 35
2252 7
2253 9
2254 7
2255 11
2256 7
2257 29
2258 7
2259 9
2260 7
2261 13
2262 7
2263 27
2264 7
2265 9
2266 7
2267 35
2268 7
2269 35
2270 7
2271 9
2272 7
2273 35
2274 7
2275 11
2276 7
2277 9
2278 7
2279 33
2280 7
2281 35
2282 7
2283 9
2284 7
2285 11
2286 7
2287 35
2288 7
2289 9
2290 7
2291 25
2292 7
2293 35
2294 7
2295 9
2296 7
2297 35
2298 7
2299 15
2300 7
2301 9
2302 7
2303 13
2304 7
2305 11
2306 7
2307 9
2308 7
2309 35
2310 7
2311 35
2312 7
2313 9
2314 7
2315 11
2316 7
2317 13
2318 7
2319 9
2320 7
2321 15
2322 7
2323 23
2324 7
2325 9
2326 7
2327 17
2328 7
2329 19
2330 7
2331 9
2332 7
2333 35
2334 7
2335 11
2336 7
2337 9
2338 7
2339 35
2340 7
2341 35
2342 7
2343 9
2344 7
2345 11
2346 7
2347 35
2348 7
2349 9
2350 7
2351 35
2352 7
2353 17
2354 7
2355 9
2356 7
2357 35
2358 7
2359 13
2360 7
2361 9
2362 7
2363 19
2364 7
2365 11
2366 7
2367 9
2368 7
2369 23
2370 7
2371 35
2372 7
2373 9
2374 7
2375 11
2376 7
2377 35
2378 7
2379 9
2380 7
2381 35
2382 7
2383 35
2384 7
2385 9
2386 7
2387 13
2388 7
2389 35
2390 7
2391 9
2392 7
2393 35
2394 7
2395 11
2396 7
2397 9
2398 7
2399 35
2400 7
2401 13
2402 7
2403 9
2404 7
2405 11
2406 7
2407 25
2408 7
2409 9
2410 7
2411 35
2412 7
2413 21
2414 7
2415 9
2416 7
2417 35
2418 7
2419 31
2420 7
2421 9
2422 7
2423 35
2424 7
2425 11
2426 7
2427 9
2428 7
2429 13
2430 7
2431 15
2432 7
2433 9
2434 7
2435 11
2436 7
2437 35
2438 7
2439 9
2440 7
2441 35
2442 7
2443 13
2444 7
2445 9
2446 7
2447 35
2448 7
2449 27
2450 7
2451 9
2452 7
2453 15
2454 7
2455 11
2456 7
2457 9
2458 7
2459 35
2460 7
2461 23
2462 7
2463 9
2464 7
2465 11
2466 7
2467 35
2468 7
2469 9
2470 7
2471 13
2472 7
2473 35
2474 7
2475 9
2476 7
2477 35
2478 7
2479 29
2480 7
2481 9
2482 7
2483 17
2484 7
2485 11
2486 7
2487 9
2488 7
2489 21
2490 7
2491 35
2492 7
2493 9
2494 7
2495 11
2496 7
2497 15
2498 7
2499 9
2500 7
2501 31
2502 7
2503 35
2504 7
2505 9
2506 7
2507 23
2508 7
2509 17
2510 7
2511 9
2512 7
2513 13
2514 7
2515 11
2516 7
2517 9
2518 7
2519 15
2520 7
2521 35
2522 7
2523 9
2524 7
2525 11
2526 7
2527 13
2528 7
2529 9
2530 7
2531 35
2532 7
2533 19
2534 7
2535 9
2536 7
2537 33
2538 7
2539 35
2540 7
2541 9
2542 7
2543 35
2544 7
2545 11
2546 7
2547 9
2548 7
2549 35
2550 7
2551 35
2552 7
2553 9
2554 7
2555 11
2556 7
2557 35
2558 7
2559 9
2560 7
2561 17
2562 7
2563 15
2564 7
2565 9
2566 7
2567 19
2568 7
2569 13
2570 7
2571 9
2572 7
2573 27
2574 7
2575 11
2576 7
2577 9
2578 7
2579 35
2580 7
2581 25
2582 7
2583 9
2584 7
2585 11
2586 7
2587 17
2588 7
2589 9
2590 7
2591 35
2592 7
2593 35
2594 7
2595 9
2596 7
2597 13
2598 7
2599 23
2600 7
2601 9
2602 7
2603 21
2604 7
2605 11
2606 7
2607 9
2608 7
2609 35
2610 7
2611 13
2612 7
2613 9
2614 7
2615 11
2616 7
2617 35
2618 7
2619 9
2620 7
2621 35
2622 7
2623 33
2624 7
2625 9
2626 7
2627 29
2628 7
2629 15
2630 7
2631 9
2632 7
2633 35
2634 7
2635 11
2636 7
2637 9
2638 7
2639 13
2640 7
2641 21
2642 7
2643 9
2644 7
2645 11
2646 7
2647 35
2648 7
2649 9
2650 7
2651 15
2652 7
2653 13
2654 7
2655 9
2656 7
2657 35
2658 7
2659 35
2660 7
2661 9
2662 7
2663 35
2664 7
2665 11
2666 7
2667 9
2668 7
2669 19
2670 7
2671 35
2672 7
2673 9
2674 7
2675 11
2676 7
2677 35
2678 7
2679 9
2680 7
2681 13
2682 7
2683 35
2684 7
2685 9
2686 7
2687 35
2688 7
2689 35
2690 7
2691 9
2692 7
2693 35
2694 7
2695 11
2696 7
2697 9
2698 7
2699 35
2700 7
2701 29
2702 7
2703 9
2704 7
2705 11
2706 7
2707 35
2708 7
2709 9
2710 7
2711 35
2712 7
2713 35
2714 7
2715 9
2716 7
2717 15
2718 7
2719 35
2720 7
2721 9
2722 7
2723 13
2724 7
2725 11
2726 7
2727 9
2728 7
2729 35
2730 7
2731 35
2732 7
2733 9
2734 7
2735 11
2736 7
2737 13
2738 7
2739 9
2740 7
2741 35
2742 7
2743 17
2744 7
2745 9
2746 7
2747 31
2748 7
2749 35
2750 7
2751 9
2752 7
2753 35
2754 7
2755 11
2756 7
2757 9
2758 7
2759 27
2760 7
2761 15
2762 7
2763 9
2764 7
2765 11
2766 7
2767 37
2768 7
2769 9
2770 7
2771 19
2772 7
2773 35
2774 7
2775 9
2776 7
2777 37
2778 7
2779 13
2780 7
2781 9
2782 7
2783 15
2784 7
2785 11
2786 7
2787 9
2788 7
2789 37
2790 7
2791 37
2792 7
2793 9
2794 7
2795 11
2796 7
2797 37
2798 7
2799 9
2800 7
2801 37
2802 7
2803 37
2804 7
2805 9
2806 7
2807 13
2808 7
2809 37
2810 7
2811 9
2812 7
2813 25
2814 7
2815 11
2816 7
2817 9
2818 7
2819 37
2820 7
2821 13
2822 7
2823 9
2824 7
2825 11
2826 7
2827 15
2828 7
2829 9
2830 7
2831 21
2832 7
2833 37
2834 7
2835 9
2836 7
2837 37
2838 7
2839 19
2840 7
2841 9
2842 7
2843 37
2844 7
2845 11
2846 7
2847 9
2848 7
2849 13
2850 7
2851 37
2852 7
2853 9
2854 7
2855 11
2856 7
2857 37
2858 7
2859 9
2860 7
2861 37
2862 7
2863 13
2864 7
2865 9
2866 7
2867 35
2868 7
2869 21
2870 7
2871 9
2872 7
2873 17
2874 7
2875 11
2876 7
2877 9
2878 7
2879 37
2880 7
2881 33
2882 7
2883 9
2884 7
2885 11
2886 7
2887 37
2888 7
2889 9
2890 7
2891 13
2892 7
2893 15
2894 7
2895 9
2896 7
2897 37
2898 7
2899 17
2900 7
2901 9
2902 7
2903 37
2904 7
2905 11
2906 7
2907 9
2908 7
2909 37
2910 7
2911 31
2912 7
2913 9
2914 7
2915 11
2916 7
2917 37
2918 7
2919 9
2920 7
2921 23
2922 7
2923 29
2924 7
2925 9
2926 7
2927 37
2928 7
2929 25
2930 7
2931 9
2932 7
2933 13
2934 7
2935 11
2936 7
2937 9
2938 7
2939 37
2940 7
2941 19
2942 7
2943 9
2944 7
2945 11
2946 7
2947 13
2948 7
2949 9
2950 7
2951 17
2952 7
2953 37
2954 7
2955 9
2956 7
2957 37
2958 7
2959 15
2960 7
2961 9
2962 7
2963 37
2964 7
2965 11
2966 7
2967 9
2968 7
2969 37
2970 7
2971 37
2972 7
2973 9
2974 7
2975 11
2976 7
2977 17
2978 7
2979 9
2980 7
2981 15
2982 7
2983 21
2984 7
2985 9
2986 7
2987 25
2988 7
2989 13
2990 7
2991 9
2992 7
2993 31
2994 7
2995 11
2996 7
2997 9
2998 7
2999 37
3000 7
3001 37
3002 7
3003 9
3004 7
3005 11
3006 7
3007 27
3008 7
3009 9
3010 7
3011 37
3012 7
3013 23
3014 7
3015 9
3016 7
3017 13
3018 7
3019 37
3020 7
3021 9
3022 7
3023 37
3024 7
3025 11
3026 7
3027 9
3028 7
3029 17
3030 7
3031 13
3032 7
3033 9
3034 7
3035 11
3036 7
3037 37
3038 7
3039 9
3040 7
3041 37
3042 7
3043 19
3044 7
3045 9
3046 7
3047 15
3048 7
3049 37
3050 7
3051 9
3052 7
3053 33
3054 7
3055 11
3056 7
3057 9
3058 7
3059 13
3060 7
3061 37
3062 7
3063 9
3064 7
3065 11
3066 7
3067 37
3068 7
3069 9
3070 7
3071 29
3072 7
3073 13
3074 7
3075 9
3076 7
3077 19
3078 7
3079 37
3080 7
3081 9
3082 7
3083 37
3084 7
3085 11
3086 7
3087 9
3088 7
3089 37
3090 7
3091 15
3092 7
3093 9
3094 7
3095 11
3096 7
3097 21
3098 7
3099 9
3100 7
3101 13
3102 7
3103 25
3104 7
3105 9
3106 7
3107 17
3108 7
3109 37
3110 7
3111 9
3112 7
3113 15
3114 7
3115 11
3116 7
3117 9
3118 7
3119 37
3120 7
3121 37
3122 7
3123 9
3124 7
3125 11
3126 7
3127 37
3128 7
3129 9
3130 7
3131 27
3132 7
3133 17
3134 7
3135 9
3136 7
3137 37
3138 7
3139 33
3140 7
3141 9
3142 7
3143 13
3144 7
3145 11
3146 7
3147 9
3148 7
3149 35
3150 7
3151 23
3152 7
3153 9
3154 7
3155 11
3156 7
3157 13
3158 7
3159 9
3160 7
3161 25
3162 7
3163 37
3164 7
3165 9
3166 7
3167 37
3168 7
3169 37
3170 7
3171 9
3172 7
3173 21
3174 7
3175 11
3176 7
3177 9
3178 7
3179 15
3180 7
3181 37
3182 7
3183 9
3184 7
3185 11
3186 7
3187 37
3188 7
3189 9
3190 7
3191 37
3192 7
3193 27
3194 7
3195 9
3196 7
3197 23
3198 7
3199 13
3200 7
3201 9
3202 7
3203 37
3204 7
3205 11
3206 7
3207 9
3208 7
3209 37
3210 7
3211 17
3212 7
3213 9
3214 7
3215 11
3216 7
3217 37
3218 7
3219 9
3220 7
3221 37
3222 7
3223 15
3224 7
3225 9
3226 7
3227 13
3228 7
3229 37
3230 7
3231 9
3232 7
3233 37
3234 7
3235 11
3236 7
3237 9
3238 7
3239 31
3240 7
3241 13
3242 7
3243 9
3244 7
3245 11
3246 7
3247 19
3248 7
3249 9
3250 7
3251 37
3252 7
3253 37
3254 7
3255 9
3256 7
3257 37
3258 7
3259 37
3260 7
3261 9
3262 7
3263 17
3264 7
3265 11
3266 7
3267 9
3268 7
3269 13
3270 7
3271 37
3272 7
3273 9
3274 7
3275 11
3276 7
3277 25
3278 7
3279 9
3280 7
3281 19
3282 7
3283 13
3284 7
3285 9
3286 7
3287 21
3288 7
3289 15
3290 7
3291 9
3292 7
3293 29
3294 7
3295 11
3296 7
3297 9
3298 7
3299 37
3300 7
3301 37
3302 7
3303 9
3304 7
3305 11
3306 7
3307 37
3308 7
3309 9
3310 7
3311 13
3312 7
3313 37
3314 7
3315 9
3316 7
3317 27
3318 7
3319 37
3320 7
3321 9
3322 7
3323 37
3324 7
3325 11
3326 7
3327 9
3328 7
3329 37
3330 7
3331 37
3332 7
3333 9
3334 7
3335 11
3336 7
3337 35
3338 7
3339 9
3340 7
3341 17
3342 7
3343 37
3344 7
3345 9
3346 7
3347 37
3348 7
3349 19
3350 7
3351 9
3352 7
3353 13
3354 7
3355 11
3356 7
3357 9
3358 7
3359 37
3360 7
3361 37
3362 7
3363 9
3364 7
3365 11
3366 7
3367 13
3368 7
3369 9
3370 7
3371 37
3372 7
3373 37
3374 7
3375 9
3376 7
3377 15
3378 7
3379 27
3380 7
3381 9
3382 7
3383 19
3384 7
3385 11
3386 7
3387 9
3388 7
3389 37
3390 7
3391 37
3392 7
3393 9
3394 7
3395 11
3396 7
3397 33
3398 7
3399 9
3400 7
3401 21
3402 7
3403 31
3404 7
3405 9
3406 7
3407 37
3408 7
3409 13
3410 7
3411 9
3412 7
3413 37
3414 7
3415 11
3416 7
3417 9
3418 7
3419 17
3420 7
3421 15
3422 7
3423 9
3424 7
3425 11
3426 7
3427 23
3428 7
3429 9
3430 7
3431 35
3432 7
3433 39
3434 7
3435 9
3436 7
3437 13
3438 7
3439 21
3440 7
3441 9
3442 7
3443 15
3444 7
3445 11
3446 7
3447 9
3448 7
3449 39
3450 7
3451 13
3452 7
3453 9
3454 7
3455 11
3456 7
3457 39
3458 7
3459 9
3460 7
3461 39
3462 7
3463 39
3464 7
3465 9
3466 7
3467 39
3468 7
3469 39
3470 7
3471 9
3472 7
3473 23
3474 7
3475 11
3476 7
3477 9
3478 7
3479 13
3480 7
3481 39
3482 7
3483 9
3484 7
3485 11
3486 7
3487 15
3488 7
3489 9
3490 7
3491 39
3492 7
3493 13
3494 7
3495 9
3496 7
3497 17
3498 7
3499 39
3500 7
3501 9
3502 7
3503 27
3504 7
3505 11
3506 7
3507 9
3508 7
3509 15
3510 7
3511 39
3512 7
3513 9
3514 7
3515 11
3516 7
3517 39
3518 7
3519 9
3520 7
3521 13
3522 7
3523 17
3524 7
3525 9
3526 7
3527 39
3528 7
3529 39
3530 7
3531 9
3532 7
3533 39
3534 7
3535 11
3536 7
3537 9
3538 7
3539 39
3540 7
3541 39
3542 7
3543 9
3544 7
3545 11
3546 7
3547 39
3548 7
3549 9
3550 7
3551 37
3552 7
3553 15
3554 7
3555 9
3556 7
3557 39
3558 7
3559 39
3560 7
3561 9
3562 7
3563 13
3564 7
3565 11
3566 7
3567 9
3568 7
3569 33
3570 7
3571 39
3572 7
3573 9
3574 7
3575 11
3576 7
3577 13
3578 7
3579 9
3580 7
3581 39
3582 7
3583 39
3584 7
3585 9
3586 7
3587 19
3588 7
3589 29
3590 7
3591 9
3592 7
3593 39
3594 7
3595 11
3596 7
3597 9
3598 7
3599 39
3600 7
3601 17
3602 7
3603 9
3604 7
3605 11
3606 7
3607 39
3608 7
3609 9
3610 7
3611 23
3612 7
3613 39
3614 7
3615 9
3616 7
3617 39
3618 7
3619 13
3620 7
3621 9
3622 7
3623 39
3624 7
3625 11
3626 7
3627 9
3628 7
3629 21
3630 7
3631 39
3632 7
3633 9
3634 7
3635 11
3636 7
3637 39
3638 7
3639 9
3640 7
3641 15
3642 7
3643 39
3644 7
3645 9
3646 7
3647 13
3648 7
3649 31
3650 7
3651 9
3652 7
3653 17
3654 7
3655 11
3656 7
3657 9
3658 7
3659 39
3660 7
3661 13
3662 7
3663 9
3664 7
3665 11
3666 7
3667 21
3668 7
3669 9
3670 7
3671 41
3672 7
3673 41
3674 7
3675 9
3676 7
3677 41
3678 7
3679 17
3680 7
3681 9
3682 7
3683 25
3684 7
3685 11
3686 7
3687 9
3688 7
3689 13
3690 7
3691 41
3692 7
3693 9
3694 7
3695 11
3696 7
3697 41
3698 7
3699 9
3700 7
3701 41
3702 7
3703 13
3704 7
3705 9
3706 7
3707 15
3708 7
3709 41
3710 7
3711 9
3712 7
3713 35
3714 7
3715 11
3716 7
3717 9
3718 7
3719 41
3720 7
3721 41
3722 7
3723 9
3724 7
3725 11
3726 7
3727 41
3728 7
3729 9
3730 7
3731 13
3732 7
3733 41
3734 7
3735 9
3736 7
3737 29
3738 7
3739 41
3740 7
3741 9
3742 7
3743 21
3744 7
3745 11
3746 7
3747 9
3748 7
3749 23
3750 7
3751 15
3752 7
3753 9
3754 7
3755 11
3756 7
3757 17
3758 7
3759 9
3760 7
3761 41
3762 7
3763 37
3764 7
3765 9
3766 7
3767 41
3768 7
3769 41
3770 7
3771 9
3772 7
3773 13
3774 7
3775 11
3776 7
3777 9
3778 7
3779 41
3780 7
3781 21
3782 7
3783 9
3784 7
3785 11
3786 7
3787 13
3788 7
3789 9
3790 7
3791 19
3792 7
3793 41
3794 7
3795 9
3796 7
3797 41
3798 7
3799 25
3800 7
3801 9
3802 7
3803 41
3804 7
3805 11
3806 7
3807 9
3808 7
3809 17
3810 7
3811 29
3812 7
3813 9
3814 7
3815 11
3816 7
3817 15
3818 7
3819 9
3820 7
3821 41
3822 7
3823 41
3824 7
3825 9
3826 7
3827 33
3828 7
3829 13
3830 7
3831 9
3832 7
3833 41
3834 7
3835 11
3836 7
3837 9
3838 7
3839 15
3840 7
3841 23
3842 7
3843 9
3844 7
3845 11
3846 7
3847 41
3848 7
3849 9
3850 7
3851 41
3852 7
3853 41
3854 7
3855 9
3856 7
3857 13
3858 7
3859 19
3860 7
3861 9
3862 7
3863 41
3864 7
3865 11
3866 7
3867 9
3868 7
3869 37
3870 7
3871 13
3872 7
3873 9
3874 7
3875 11
3876 7
3877 41
3878 7
3879 9
3880 7
3881 41
3882 7
3883 15
3884 7
3885 9
3886 7
3887 17
3888 7
3889 41
3890 7
3891 9
3892 7
3893 19
3894 7
3895 11
3896 7
3897 9
3898 7
3899 13
3900 7
3901 35
3902 7
3903 9
3904 7
3905 11
3906 7
3907 41
3908 7
3909 9
3910 7
3911 41
3912 7
3913 13
3914 7
3915 9
3916 7
3917 41
3918 7
3919 41
3920 7
3921 9
3922 7
3923 41
3924 7
3925 11
3926 7
3927 9
3928 7
3929 41
3930 7
3931 41
3932 7
3933 9
3934 7
3935 11
3936 7
3937 27
3938 7
3939 9
3940 7
3941 13
3942 7
3943 41
3944 7
3945 9
3946 7
3947 41
3948 7
3949 15
3950 7
3951 9
3952 7
3953 39
3954 7
3955 11
3956 7
3957 9
3958 7
3959 29
3960 7
3961 19
3962 7
3963 9
3964 7
3965 11
3966 7
3967 41
3968 7
3969 9
3970 7
3971 15
3972 7
3973 25
3974 7
3975 9
3976 7
3977 31
3978 7
3979 23
3980 7
3981 9
3982 7
3983 13
3984 7
3985 11
3986 7
3987 9
3988 7
3989 41
3990 7
3991 17
3992 7
3993 9
3994 7
3995 11
3996 7
3997 13
3998 7
3999 9
4000 7
4001 41
4002 7
4003 41
4004 7
4005 9
4006 7
4007 41
4008 7
4009 21
4010 7
4011 9
4012 7
4013 41
4014 7
4015 11
4016 7
4017 9
4018 7
4019 41
4020 7
4021 41
4022 7
4023 9
4024 7
4025 11
4026 7
4027 41
4028 7
4029 9
4030 7
4031 25
4032 7
4033 29
4034 7
4035 9
4036 7
4037 15
4038 7
4039 13
4040 7
4041 9
4042 7
4043 17
4044 7
4045 11
4046 7
4047 9
4048 7
4049 41
4050 7
4051 41
4052 7
4053 9
4054 7
4055 11
4056 7
4057 41
4058 7
4059 9
4060 7
4061 27
4062 7
4063 19
4064 7
4065 9
4066 7
4067 13
4068 7
4069 17
4070 7
4071 9
4072 7
4073 41
4074 7
4075 11
4076 7
4077 9
4078 7
4079 41
4080 7
4081 13
4082 7
4083 9
4084 7
4085 11
4086 7
4087 41
4088 7
4089 9
4090 7
4091 41
4092 7
4093 41
4094 7
4095 9
4096 7
4097 19
4098 7
4099 41
4100 7
4101 9
4102 7
4103 15
4104 7
4105 11
4106 7
4107 9
4108 7
4109 13
4110 7
4111 41
4112 7
4113 9
4114 7
4115 11
4116 7
4117 23
4118 7
4119 9
4120 7
4121 17
4122 7
4123 13
4124 7
4125 9
4126 7
4127 41
4128 7
4129 41
4130 7
4131 9
4132 7
4133 41
4134 7
4135 11
4136 7
4137 9
4138 7
4139 41
4140 7
4141 31
4142 7
4143 9
4144 7
4145 11
4146 7
4147 15
4148 7
4149 9
4150 7
4151 13
4152 7
4153 41
4154 7
4155 9
4156 7
4157 41
4158 7
4159 41
4160 7
4161 9
4162 7
4163 23
4164 7
4165 11
4166 7
4167 9
4168 7
4169 15
4170 7
4171 33
4172 7
4173 9
4174 7
4175 11
4176 7
4177 41
4178 7
4179 9
4180 7
4181 29
4182 7
4183 35
4184 7
4185 9
4186 7
4187 37
4188 7
4189 39
4190 7
4191 9
4192 7
4193 13
4194 7
4195 11
4196 7
4197 9
4198 7
4199 17
4200 7
4201 41
4202 7
4203 9
4204 7
4205 11
4206 7
4207 13
4208 7
4209 9
4210 7
4211 41
4212 7
4213 15
4214 7
4215 9
4216 7
4217 41
4218 7
4219 41
4220 7
4221 9
4222 7
4223 31
4224 7
4225 11
4226 7
4227 9
4228 7
4229 41
4230 7
4231 41
4232 7
4233 9
4234 7
4235 11
4236 7
4237 21
4238 7
4239 9
4240 7
4241 41
4242 7
4243 41
4244 7
4245 9
4246 7
4247 27
4248 7
4249 13
4250 7
4251 9
4252 7
4253 41
4254 7
4255 11
4256 7
4257 9
4258 7
4259 41
4260 7
4261 41
4262 7
4263 9
4264 7
4265 11
4266 7
4267 19
4268 7
4269 9
4270 7
4271 41
4272 7
4273 41
4274 7
4275 9
4276 7
4277 13
4278 7
4279 15
4280 7
4281 9
4282 7
4283 41
4284 7
4285 11
4286 7
4287 9
4288 7
4289 41
4290 7
4291 13
4292 7
4293 9
4294 7
4295 11
4296 7
4297 41
4298 7
4299 9
4300 7
4301 15
4302 7
4303 17
4304 7
4305 9
4306 7
4307 39
4308 7
4309 27
4310 7
4311 9
4312 7
4313 21
4314 7
4315 11
4316 7
4317 9
4318 7
4319 13
4320 7
4321 25
4322 7
4323 9
4324 7
4325 11
4326 7
4327 41
4328 7
4329 9
4330 7
4331 41
4332 7
4333 13
4334 7
4335 9
4336 7
4337 41
4338 7
4339 41
4340 7
4341 9
4342 7
4343 33
4344 7
4345 11
4346 7
4347 9
4348 7
4349 41
4350 7
4351 21
4352 7
4353 9
4354 7
4355 11
4356 7
4357 41
4358 7
4359 9
4360 7
4361 13
4362 7
4363 41
4364 7
4365 9
4366 7
4367 15
4368 7
4369 19
4370 7
4371 9
4372 7
4373 41
4374 7
4375 11
4376 7
4377 9
4378 7
4379 25
4380 7
4381 17
4382 7
4383 9
4384 7
4385 11
4386 7
4387 31
4388 7
4389 9
4390 7
4391 41
4392 7
4393 23
4394 7
4395 9
4396 7
4397 41
4398 7
4399 37
4400 7
4401 9
4402 7
4403 13
4404 7
4405 11
4406 7
4407 9
4408 7
4409 41
4410 7
4411 15
4412 7
4413 9
4414 7
4415 11
4416 7
4417 13
4418 7
4419 9
4420 7
4421 41
4422 7
4423 43
4424 7
4425 9
4426 7
4427 21
4428 7
4429 33
4430 7
4431 9
4432 7
4433 15
4434 7
4435 11
4436 7
4437 9
4438 7
4439 23
4440 7
4441 43
4442 7
4443 9
4444 7
4445 11
4446 7
4447 43
4448 7
4449 9
4450 7
4451 43
4452 7
4453 41
4454 7
4455 9
4456 7
4457 43
4458 7
4459 13
4460 7
4461 9
4462 7
4463 43
4464 7
4465 11
4466 7
4467 9
4468 7
4469 31
4470 7
4471 19
4472 7
4473 9
4474 7
4475 11
4476 7
4477 15
4478 7
4479 9
4480 7
4481 43
4482 7
4483 43
4484 7
4485 9
4486 7
4487 13
4488 7
4489 43
4490 7
4491 9
4492 7
4493 43
4494 7
4495 11
4496 7
4497 9
4498 7
4499 15
4500 7
4501 13
4502 7
4503 9
4504 7
4505 11
4506 7
4507 43
4508 7
4509 9
4510 7
4511 17
4512 7
4513 43
4514 7
4515 9
4516 7
4517 43
4518 7
4519 43
4520 7
4521 9
4522 7
4523 43
4524 7
4525 11
4526 7
4527 9
4528 7
4529 13
4530 7
4531 23
4532 7
4533 9
4534 7
4535 11
4536 7
4537 17
4538 7
4539 9
4540 7
4541 21
4542 7
4543 13
4544 7
4545 9
4546 7
4547 43
4548 7
4549 43
4550 7
4551 9
4552 7
4553 25
4554 7
4555 11
4556 7
4557 9
4558 7
4559 35
4560 7
4561 43
4562 7
4563 9
4564 7
4565 11
4566 7
4567 43
4568 7
4569 9
4570 7
4571 13
4572 7
4573 19
4574 7
4575 9
4576 7
4577 23
4578 7
4579 21
4580 7
4581 9
4582 7
4583 43
4584 7
4585 11
4586 7
4587 9
4588 7
4589 17
4590 7
4591 43
4592 7
4593 9
4594 7
4595 11
4596 7
4597 43
4598 7
4599 9
4600 7
4601 33
4602 7
4603 43
4604 7
4605 9
4606 7
4607 19
4608 7
4609 15
4610 7
4611 9
4612 7
4613 13
4614 7
4615 11
4616 7
4617 9
4618 7
4619 27
4620 7
4621 43
4622 7
4623 9
4624 7
4625 11
4626 7
4627 13
4628 7
4629 9
4630 7
4631 15
4632 7
4633 31
4634 7
4635 9
4636 7
4637 43
4638 7
4639 43
4640 7
4641 9
4642 7
4643 43
4644 7
4645 11
4646 7
4647 9
4648 7
4649 43
4650 7
4651 43
4652 7
4653 9
4654 7
4655 11
4656 7
4657 43
4658 7
4659 9
4660 7
4661 39
4662 7
4663 43
4664 7
4665 9
4666 7
4667 17
4668 7
4669 13
4670 7
4671 9
4672 7
4673 43
4674 7
4675 11
4676 7
4677 9
4678 7
4679 43
4680 7
4681 27
4682 7
4683 9
4684 7
4685 11
4686 7
4687 33
4688 7
4689 9
4690 7
4691 43
4692 7
4693 17
4694 7
4695 9
4696 7
4697 13
4698 7
4699 29
4700 7
4701 9
4702 7
4703 43
4704 7
4705 11
4706 7
4707 9
4708 7
4709 19
4710 7
4711 13
4712 7
4713 9
4714 7
4715 11
4716 7
4717 37
4718 7
4719 9
4720 7
4721 43
4722 7
4723 43
4724 7
4725 9
4726 7
4727 25
4728 7
4729 43
4730 7
4731 9
4732 7
4733 43
4734 7
4735 11
4736 7
4737 9
4738 7
4739 13
4740 7
4741 15
4742 7
4743 9
4744 7
4745 11
4746 7
4747 35
4748 7
4749 9
4750 7
4751 43
4752 7
4753 13
4754 7
4755 9
4756 7
4757 43
4758 7
4759 43
4760 7
4761 9
4762 7
4763 15
4764 7
4765 11
4766 7
4767 9
4768 7
4769 21
4770 7
4771 17
4772 7
4773 9
4774 7
4775 11
4776 7
4777 19
4778 7
4779 9
4780 7
4781 13
4782 7
4783 43
4784 7
4785 9
4786 7
4787 43
4788 7
4789 43
4790 7
4791 9
4792 7
4793 43
4794 7
4795 11
4796 7
4797 9
4798 7
4799 43
4800 7
4801 43
4802 7
4803 9
4804 7
4805 11
4806 7
4807 15
4808 7
4809 9
4810 7
4811 19
4812 7
4813 43
4814 7
4815 9
4816 7
4817 43
4818 7
4819 41
4820 7
4821 9
4822 7
4823 13
4824 7
4825 11
4826 7
4827 9
4828 7
4829 15
4830 7
4831 43
4832 7
4833 9
4834 7
4835 11
4836 7
4837 13
4838 7
4839 9
4840 7
4841 35
4842 7
4843 25
4844 7
4845 9
4846 7
4847 29
4848 7
4849 17
4850 7
4851 9
4852 7
4853 23
4854 7
4855 11
4856 7
4857 9
4858 7
4859 33
4860 7
4861 43
4862 7
4863 9
4864 7
4865 11
4866 7
4867 27
4868 7
4869 9
4870 7
4871 43
4872 7
4873 15
4874 7
4875 9
4876 7
4877 43
4878 7
4879 13
4880 7
4881 9
4882 7
4883 21
4884 7
4885 11
4886 7
4887 9
4888 7
4889 43
4890 7
4891 43
4892 7
4893 9
4894 7
4895 11
4896 7
4897 39
4898 7
4899 9
4900 7
4901 17
4902 7
4903 43
4904 7
4905 9
4906 7
4907 13
4908 7
4909 43
4910 7
4911 9
4912 7
4913 19
4914 7
4915 11
4916 7
4917 9
4918 7
4919 43
4920 7
4921 13
4922 7
4923 9
4924 7
4925 11
4926 7
4927 17
4928 7
4929 9
4930 7
4931 43
4932 7
4933 43
4934 7
4935 9
4936 7
4937 43
4938 7
4939 15
4940 7
4941 9
4942 7
4943 43
4944 7
4945 11
4946 7
4947 9
4948 7
4949 13
4950 7
4951 43
4952 7
4953 9
4954 7
4955 11
4956 7
4957 43
4958 7
4959 9
4960 7
4961 15
4962 7
4963 13
4964 7
4965 9
4966 7
4967 43
4968 7
4969 43
4970 7
4971 9
4972 7
4973 45
4974 7
4975 11
4976 7
4977 9
4978 7
4979 17
4980 7
4981 19
4982 7
4983 9
4984 7
4985 11
4986 7
4987 45
4988 7
4989 9
4990 7
4991 13
4992 7
4993 45
4994 7
4995 9
4996 7
4997 21
4998 7
4999 45
5000 7
5001 9
5002 7
5003 45
5004 7
5005 11
5006 7
5007 9
5008 7
5009 45
5010 7
5011 45
5012 7
5013 9
5014 7
5015 11
5016 7
5017 25
5018 7
5019 9
5020 7
5021 45
5022 7
5023 45
5024 7
5025 9
5026 7
5027 15
5028 7
5029 35
5030 7
5031 9
5032 7
5033 13
5034 7
5035 11
5036 7
5037 9
5038 7
5039 45
5040 7
5041 45
5042 7
5043 9
5044 7
5045 11
5046 7
5047 13
5048 7
5049 9
5050 7
5051 45
5052 7
5053 27
5054 7
5055 9
5056 7
5057 17
5058 7
5059 45
5060 7
5061 9
5062 7
5063 41
5064 7
5065 11
5066 7
5067 9
5068 7
5069 29
5070 7
5071 15
5072 7
5073 9
5074 7
5075 11
5076 7
5077 45
5078 7
5079 9
5080 7
5081 45
5082 7
5083 17
5084 7
5085 9
5086 7
5087 45
5088 7
5089 13
5090 7
5091 9
5092 7
5093 15
5094 7
5095 11
5096 7
5097 9
5098 7
5099 45
5100 7
5101 45
5102 7
5103 9
5104 7
5105 11
5106 7
5107 45
5108 7
5109 9
5110 7
5111 21
5112 7
5113 45
5114 7
5115 9
5116 7
5117 13
5118 7
5119 45
5120 7
5121 9
5122 7
5123 35
5124 7
5125 11
5126 7
5127 9
5128 7
5129 23
5130 7
5131 13
5132 7
5133 9
5134 7
5135 11
5136 7
5137 15
5138 7
5139 9
5140 7
5141 37
5142 7
5143 29
5144 7
5145 9
5146 7
5147 45
5148 7
5149 21
5150 7
5151 9
5152 7
5153 45
5154 7
5155 11
5156 7
5157 9
5158 7
5159 13
5160 7
5161 17
5162 7
5163 9
5164 7
5165 11
5166 7
5167 45
5168 7
5169 9
5170 7
5171 45
5172 7
5173 13
5174 7
5175 9
5176 7
5177 27
5178 7
5179 45
5180 7
5181 9
5182 7
5183 45
5184 7
5185 11
5186 7
5187 9
5188 7
5189 45
5190 7
5191 25
5192 7
5193 9
5194 7
5195 11
5196 7
5197 45
5198 7
5199 9
5200 7
5201 13
5202 7
5203 15
5204 7
5205 9
5206 7
5207 31
5208 7
5209 45
5210 7
5211 9
5212 7
5213 17
5214 7
5215 11
5216 7
5217 9
5218 7
5219 19
5220 7
5221 23
5222 7
5223 9
5224 7
5225 11
5226 7
5227 45
5228 7
5229 9
5230 7
5231 45
5232 7
5233 45
5234 7
5235 9
5236 7
5237 45
5238 7
5239 17
5240 7
5241 9
5242 7
5243 13
5244 7
5245 11
5246 7
5247 9
5248 7
5249 25
5250 7
5251 39
5252 7
5253 9
5254 7
5255 11
5256 7
5257 13
5258 7
5259 9
5260 7
5261 47
5262 7
5263 21
5264 7
5265 9
5266 7
5267 23
5268 7
5269 15
5270 7
5271 9
5272 7
5273 47
5274 7
5275 11
5276 7
5277 9
5278 7
5279 47
5280 7
5281 47
5282 7
5283 9
5284 7
5285 11
5286 7
5287 19
5288 7
5289 9
5290 7
5291 15
5292 7
5293 43
5294 7
5295 9
5296 7
5297 47
5298 7
5299 13
5300 7
5301 9
5302 7
5303 47
5304 7
5305 11
5306 7
5307 9
5308 7
5309 47
5310 7
5311 35
5312 7
5313 9
5314 7
5315 11
5316 7
5317 17
5318 7
5319 9
5320 7
5321 19
5322 7
5323 47
5324 7
5325 9
5326 7
5327 13
5328 7
5329 47
5330 7
5331 9
5332 7
5333 47
5334 7
5335 11
5336 7
5337 9
5338 7
5339 21
5340 7
5341 13
5342 7
5343 9
5344 7
5345 11
5346 7
5347 47
5348 7
5349 9
5350 7
5351 47
5352 7
5353 37
5354 7
5355 9
5356 7
5357 15
5358 7
5359 23
5360 7
5361 9
5362 7
5363 27
5364 7
5365 11
5366 7
5367 9
5368 7
5369 13
5370 7
5371 31
5372 7
5373 9
5374 7
5375 11
5376 7
5377 21
5378 7
5379 9
5380 7
5381 47
5382 7
5383 13
5384 7
5385 9
5386 7
5387 47
5388 7
5389 19
5390 7
5391 9
5392 7
5393 47
5394 7
5395 11
5396 7
5397 9
5398 7
5399 47
5400 7
5401 15
5402 7
5403 9
5404 7
5405 11
5406 7
5407 47
5408 7
5409 9
5410 7
5411 13
5412 7
5413 47
5414 7
5415 9
5416 7
5417 47
5418 7
5419 47
5420 7
5421 9
5422 7
5423 15
5424 7
5425 11
5426 7
5427 9
5428 7
5429 41
5430 7
5431 47
5432 7
5433 9
5434 7
5435 11
5436 7
5437 47
5438 7
5439 9
5440 7
5441 47
5442 7
5443 47
5444 7
5445 9
5446 7
5447 17
5448 7
5449 47
5450 7
5451 9
5452 7
5453 13
5454 7
5455 11
5456 7
5457 9
5458 7
5459 37
5460 7
5461 33
5462 7
5463 9
5464 7
5465 11
5466 7
5467 13
5468 7
5469 9
5470 7
5471 47
5472 7
5473 17
5474 7
5475 9
5476 7
5477 47
5478 7
5479 47
5480 7
5481 9
5482 7
5483 47
5484 7
5485 11
5486 7
5487 9
5488 7
5489 15
5490 7
5491 19
5492 7
5493 9
5494 7
5495 11
5496 7
5497 23
5498 7
5499 9
5500 7
5501 47
5502 7
5503 47
5504 7
5505 9
5506 7
5507 47
5508 7
5509 13
5510 7
5511 9
5512 7
5513 29
5514 7
5515 11
5516 7
5517 9
5518 7
5519 47
5520 7
5521 47
5522 7
5523 9
5524 7
5525 11
5526 7
5527 47
5528 7
5529 9
5530 7
5531 47
5532 7
5533 15
5534 7
5535 9
5536 7
5537 13
5538 7
5539 25
5540 7
5541 9
5542 7
5543 23
5544 7
5545 11
5546 7
5547 9
5548 7
5549 27
5550 7
5551 13
5552 7
5553 9
5554 7
5555 11
5556 7
5557 47
5558 7
5559 9
5560 7
5561 43
5562 7
5563 47
5564 7
5565 9
5566 7
5567 21
5568 7
5569 47
5570 7
5571 9
5572 7
5573 47
5574 7
5575 11
5576 7
5577 9
5578 7
5579 13
5580 7
5581 47
5582 7
5583 9
5584 7
5585 11
5586 7
5587 29
5588 7
5589 9
5590 7
5591 47
5592 7
5593 13
5594 7
5595 9
5596 7
5597 25
5598 7
5599 15
5600 7
5601 9
5602 7
5603 17
5604 7
5605 11
5606 7
5607 9
5608 7
5609 45
5610 7
5611 27
5612 7
5613 9
5614 7
5615 11
5616 7
5617 31
5618 7
5619 9
5620 7
5621 13
5622 7
5623 47
5624 7
5625 9
5626 7
5627 19
5628 7
5629 17
5630 7
5631 9
5632 7
5633 33
5634 7
5635 11
5636 7
5637 9
5638 7
5639 47
5640 7
5641 47
5642 7
5643 9
5644 7
5645 11
5646 7
5647 47
5648 7
5649 9
5650 7
5651 47
5652 7
5653 47
5654 7
5655 9
5656 7
5657 47
5658 7
5659 47
5660 7
5661 9
5662 7
5663 13
5664 7
5665 11
5666 7
5667 9
5668 7
5669 47
5670 7
5671 37
5672 7
5673 9
5674 7
5675 11
5676 7
5677 13
5678 7
5679 9
5680 7
5681 17
5682 7
5683 47
5684 7
5685 9
5686 7
5687 15
5688 7
5689 47
5690 7
5691 9
5692 7
5693 47
5694 7
5695 11
5696 7
5697 9
5698 7
5699 31
5700 7
5701 47
5702 7
5703 9
5704 7
5705 11
5706 7
5707 17
5708 7
5709 9
5710 7
5711 47
5712 7
5713 25
5714 7
5715 9
5716 7
5717 47
5718 7
5719 13
5720 7
5721 9
5722 7
5723 39
5724 7
5725 11
5726 7
5727 9
5728 7
5729 19
5730 7
5731 15
5732 7
5733 9
5734 7
5735 11
5736 7
5737 47
5738 7
5739 9
5740 7
5741 47
5742 7
5743 47
5744 7
5745 9
5746 7
5747 13
5748 7
5749 47
5750 7
5751 9
5752 7
5753 15
5754 7
5755 11
5756 7
5757 9
5758 7
5759 17
5760 7
5761 13
5762 7
5763 9
5764 7
5765 11
5766 7
5767 47
5768 7
5769 9
5770 7
5771 25
5772 7
5773 23
5774 7
5775 9
5776 7
5777 37
5778 7
5779 47
5780 7
5781 9
5782 7
5783 47
5784 7
5785 11
5786 7
5787 9
5788 7
5789 13
5790 7
5791 47
5792 7
5793 9
5794 7
5795 11
5796 7
5797 15
5798 7
5799 9
5800 7
5801 47
5802 7
5803 13
5804 7
5805 9
5806 7
5807 47
5808 7
5809 29
5810 7
5811 9
5812 7
5813 47
5814 7
5815 11
5816 7
5817 9
5818 7
5819 15
5820 7
5821 47
5822 7
5823 9
5824 7
5825 11
5826 7
5827 47
5828 7
5829 9
5830 7
5831 13
5832 7
5833 21
5834 7
5835 9
5836 7
5837 17
5838 7
5839 47
5840 7
5841 9
5842 7
5843 47
5844 7
5845 11
5846 7
5847 9
5848 7
5849 47
5850 7
5851 47
5852 7
5853 9
5854 7
5855 11
5856 7
5857 47
5858 7
5859 9
5860 7
5861 47
5862 7
5863 15
5864 7
5865 9
5866 7
5867 47
5868 7
5869 47
5870 7
5871 9
5872 7
5873 13
5874 7
5875 11
5876 7
5877 9
5878 7
5879 47
5880 7
5881 47
5882 7
5883 9
5884 7
5885 11
5886 7
5887 13
5888 7
5889 9
5890 7
5891 33
5892 7
5893 45
5894 7
5895 9
5896 7
5897 47
5898 7
5899 19
5900 7
5901 9
5902 7
5903 47
5904 7
5905 11
5906 7
5907 9
5908 7
5909 21
5910 7
5911 23
5912 7
5913 9
5914 7
5915 11
5916 7
5917 41
5918 7
5919 9
5920 7
5921 27
5922 7
5923 47
5924 7
5925 9
5926 7
5927 47
5928 7
5929 13
5930 7
5931 9
5932 7
5933 19
5934 7
5935 11
5936 7
5937 9
5938 7
5939 47
5940 7
5941 17
5942 7
5943 9
5944 7
5945 11
5946 7
5947 21
5948 7
5949 9
5950 7
5951 15
5952 7
5953 47
5954 7
5955 9
5956 7
5957 13
5958 7
5959 39
5960 7
5961 9
5962 7
5963 43
5964 7
5965 11
5966 7
5967 9
5968 7
5969 35
5970 7
5971 13
5972 7
5973 9
5974 7
5975 11
5976 7
5977 33
5978 7
5979 9
5980 7
5981 47
5982 7
5983 27
5984 7
5985 9
5986 7
5987 47
5988 7
5989 37
5990 7
5991 9
5992 7
5993 17
5994 7
5995 11
5996 7
5997 9
5998 7
5999 13
6000 7
6001 19
6002 7
6003 9
6004 7
6005 11
6006 7
6007 47
6008 7
6009 9
6010 7
6011 47
6012 7
6013 13
6014 7
6015 9
6016 7
6017 15
6018 7
6019 17
6020 7
6021 9
6022 7
6023 21
6024 7
6025 11
6026 7
6027 9
6028 7
6029 47
6030 7
6031 29
6032 7
6033 9
6034 7
6035 11
6036 7
6037 47
6038 7
6039 9
6040 7
6041 13
6042 7
6043 47
6044 7
6045 9
6046 7
6047 47
6048 7
6049 23
6050 7
6051 9
6052 7
6053 47
6054 7
6055 11
6056 7
6057 9
6058 7
6059 47
6060 7
6061 15
6062 7
6063 9
6064 7
6065 11
6066 7
6067 47
6068 7
6069 9
6070 7
6071 17
6072 7
6073 47
6074 7
6075 9
6076 7
6077 39
6078 7
6079 47
6080 7
6081 9
6082 7
6083 13
6084 7
6085 11
6086 7
6087 9
6088 7
6089 47
6090 7
6091 47
6092 7
6093 9
6094 7
6095 11
6096 7
6097 13
6098 7
6099 9
6100 7
6101 47
6102 7
6103 19
6104 7
6105 9
6106 7
6107 27
6108 7
6109 31
6110 7
6111 9
6112 7
6113 47
6114 7
6115 11
6116 7
6117 9
6118 7
6119 25
6120 7
6121 47
6122 7
6123 9
6124 7
6125 11
6126 7
6127 15
6128 7
6129 9
6130 7
6131 47
6132 7
6133 47
6134 7
6135 9
6136 7
6137 19
6138 7
6139 13
6140 7
6141 9
6142 7
6143 47
6144 7
6145 11
6146 7
6147 9
6148 7
6149 15
6150 7
6151 47
6152 7
6153 9
6154 7
6155 11
6156 7
6157 35
6158 7
6159 9
6160 7
6161 41
6162 7
6163 49
6164 7
6165 9
6166 7
6167 13
6168 7
6169 27
6170 7
6171 9
6172 7
6173 49
6174 7
6175 11
6176 7
6177 9
6178 7
6179 29
6180 7
6181 13
6182 7
6183 9
6184 7
6185 11
6186 7
6187 23
6188 7
6189 9
6190 7
6191 31
6192 7
6193 15
6194 7
6195 9
6196 7
6197 49
6198 7
6199 49
6200 7
6201 9
6202 7
6203 49
6204 7
6205 11
6206 7
6207 9
6208 7
6209 13
6210 7
6211 49
6212 7
6213 9
6214 7
6215 11
6216 7
6217 49
6218 7
6219 9
6220 7
6221 49
6222 7
6223 13
6224 7
6225 9
6226 7
6227 17
6228 7
6229 49
6230 7
6231 9
6232 7
6233 23
6234 7
6235 11
6236 7
6237 9
6238 7
6239 19
6240 7
6241 49
6242 7
6243 9
6244 7
6245 11
6246 7
6247 49
6248 7
6249 9
6250 7
6251 13
6252 7
6253 17
6254 7
6255 9
6256 7
6257 49
6258 7
6259 15
6260 7
6261 9
6262 7
6263 49
6264 7
6265 11
6266 7
6267 9
6268 7
6269 49
6270 7
6271 49
6272 7
6273 9
6274 7
6275 11
6276 7
6277 49
6278 7
6279 9
6280 7
6281 15
6282 7
6283 41
6284 7
6285 9
6286 7
6287 49
6288 7
6289 21
6290 7
6291 9
6292 7
6293 13
6294 7
6295 11
6296 7
6297 9
6298 7
6299 49
6300 7
6301 49
6302 7
6303 9
6304 7
6305 11
6306 7
6307 13
6308 7
6309 9
6310 7
6311 49
6312 7
6313 39
6314 7
6315 9
6316 7
6317 49
6318 7
6319 45
6320 7
6321 9
6322 7
6323 49
6324 7
6325 11
6326 7
6327 9
6328 7
6329 49
6330 7
6331 17
6332 7
6333 9
6334 7
6335 11
6336 7
6337 49
6338 7
6339 9
6340 7
6341 19
6342 7
6343 49
6344 7
6345 9
6346 7
6347 15
6348 7
6349 13
6350 7
6351 9
6352 7
6353 49
6354 7
6355 11
6356 7
6357 9
6358 7
6359 49
6360 7
6361 49
6362 7
6363 9
6364 7
6365 11
6366 7
6367 49
6368 7
6369 9
6370 7
6371 23
6372 7
6373 49
6374 7
6375 9
6376 7
6377 13
6378 7
6379 49
6380 7
6381 9
6382 7
6383 17
6384 7
6385 11
6386 7
6387 9
6388 7
6389 49
6390 7
6391 13
6392 7
6393 9
6394 7
6395 11
6396 7
6397 49
6398 7
6399 9
6400 7
6401 29
6402 7
6403 21
6404 7
6405 9
6406 7
6407 33
6408 7
6409 17
6410 7
6411 9
6412 7
6413 15
6414 7
6415 11
6416 7
6417 9
6418 7
6419 13
6420 7
6421 49
6422 7
6423 9
6424 7
6425 11
6426 7
6427 49
6428 7
6429 9
6430 7
6431 39
6432 7
6433 13
6434 7
6435 9
6436 7
6437 31
6438 7
6439 35
6440 7
6441 9
6442 7
6443 19
6444 7
6445 11
6446 7
6447 9
6448 7
6449 49
6450 7
6451 49
6452 7
6453 9
6454 7
6455 11
6456 7
6457 15
6458 7
6459 9
6460 7
6461 13
6462 7
6463 23
6464 7
6465 9
6466 7
6467 25
6468 7
6469 49
6470 7
6471 9
6472 7
6473 49
6474 7
6475 11
6476 7
6477 9
6478 7
6479 15
6480 7
6481 49
6482 7
6483 9
6484 7
6485 11
6486 7
6487 17
6488 7
6489 9
6490 7
6491 49
6492 7
6493 33
6494 7
6495 9
6496 7
6497 47
6498 7
6499 43
6500 7
6501 9
6502 7
6503 13
6504 7
6505 11
6506 7
6507 9
6508 7
6509 23
6510 7
6511 19
6512 7
6513 9
6514 7
6515 11
6516 7
6517 13
6518 7
6519 9
6520 7
6521 49
6522 7
6523 15
6524 7
6525 9
6526 7
6527 41
6528 7
6529 49
6530 7
6531 9
6532 7
6533 35
6534 7
6535 11
6536 7
6537 9
6538 7
6539 17
6540 7
6541 27
6542 7
6543 9
6544 7
6545 11
6546 7
6547 49
6548 7
6549 9
6550 7
6551 49
6552 7
6553 49
6554 7
6555 9
6556 7
6557 49
6558 7
6559 13
6560 7
6561 9
6562 7
6563 49
6564 7
6565 11
6566 7
6567 9
6568 7
6569 49
6570 7
6571 49
6572 7
6573 9
6574 7
6575 11
6576 7
6577 49
6578 7
6579 9
6580 7
6581 49
6582 7
6583 25
6584 7
6585 9
6586 7
6587 13
6588 7
6589 15
6590 7
6591 9
6592 7
6593 21
6594 7
6595 11
6596 7
6597 9
6598 7
6599 49
6600 7
6601 13
6602 7
6603 9
6604 7
6605 11
6606 7
6607 49
6608 7
6609 9
6610 7
6611 15
6612 7
6613 19
6614 7
6615 9
6616 7
6617 17
6618 7
6619 49
6620 7
6621 9
6622 7
6623 29
6624 7
6625 11
6626 7
6627 9
6628 7
6629 13
6630 7
6631 21
6632 7
6633 9
6634 7
6635 11
6636 7
6637 49
6638 7
6639 9
6640 7
6641 25
6642 7
6643 13
6644 7
6645 9
6646 7
6647 19
6648 7
6649 41
6650 7
6651 9
6652 7
6653 49
6654 7
6655 11
6656 7
6657 9
6658 7
6659 49
6660 7
6661 49
6662 7
6663 9
6664 7
6665 11
6666 7
6667 39
6668 7
6669 9
6670 7
6671 13
6672 7
6673 49
6674 7
6675 9
6676 7
6677 15
6678 7
6679 49
6680 7
6681 9
6682 7
6683 31
6684 7
6685 11
6686 7
6687 9
6688 7
6689 49
6690 7
6691 49
6692 7
6693 9
6694 7
6695 11
6696 7
6697 29
6698 7
6699 9
6700 7
6701 49
6702 7
6703 49
6704 7
6705 9
6706 7
6707 21
6708 7
6709 49
6710 7
6711 9
6712 7
6713 13
6714 7
6715 11
6716 7
6717 9
6718 7
6719 49
6720 7
6721 15
6722 7
6723 9
6724 7
6725 11
6726 7
6727 13
6728 7
6729 9
6730 7
6731 37
6732 7
6733 49
6734 7
6735 9
6736 7
6737 49
6738 7
6739 23
6740 7
6741 9
6742 7
6743 15
6744 7
6745 11
6746 7
6747 9
6748 7
6749 19
6750 7
6751 33
6752 7
6753 9
6754 7
6755 11
6756 7
6757 25
6758 7
6759 9
6760 7
6761 49
6762 7
6763 49
6764 7
6765 9
6766 7
6767 43
6768 7
6769 13
6770 7
6771 9
6772 7
6773 17
6774 7
6775 11
6776 7
6777 9
6778 7
6779 49
6780 7
6781 49
6782 7
6783 9
6784 7
6785 11
6786 7
6787 15
6788 7
6789 9
6790 7
6791 49
6792 7
6793 49
6794 7
6795 9
6796 7
6797 13
6798 7
6799 17
6800 7
6801 9
6802 7
6803 49
6804 7
6805 11
6806 7
6807 9
6808 7
6809 15
6810 7
6811 13
6812 7
6813 9
6814 7
6815 11
6816 7
6817 19
6818 7
6819 9
6820 7
6821 21
6822 7
6823 51
6824 7
6825 9
6826 7
6827 51
6828 7
6829 51
6830 7
6831 9
6832 7
6833 51
6834 7
6835 11
6836 7
6837 9
6838 7
6839 13
6840 7
6841 51
6842 7
6843 9
6844 7
6845 11
6846 7
6847 31
6848 7
6849 9
6850 7
6851 17
6852 7
6853 13
6854 7
6855 9
6856 7
6857 51
6858 7
6859 21
6860 7
6861 9
6862 7
6863 51
6864 7
6865 11
6866 7
6867 9
6868 7
6869 51
6870 7
6871 51
6872 7
6873 9
6874 7
6875 11
6876 7
6877 17
6878 7
6879 9
6880 7
6881 13
6882 7
6883 51
6884 7
6885 9
6886 7
6887 45
6888 7
6889 51
6890 7
6891 9
6892 7
6893 41
6894 7
6895 11
6896 7
6897 9
6898 7
6899 51
6900 7
6901 43
6902 7
6903 9
6904 7
6905 11
6906 7
6907 51
6908 7
6909 9
6910 7
6911 51
6912 7
6913 27
6914 7
6915 9
6916 7
6917 51
6918 7
6919 15
6920 7
6921 9
6922 7
6923 13
6924 7
6925 11
6926 7
6927 9
6928 7
6929 17
6930 7
6931 25
6932 7
6933 9
6934 7
6935 11
6936 7
6937 13
6938 7
6939 9
6940 7
6941 15
6942 7
6943 37
6944 7
6945 9
6946 7
6947 51
6948 7
6949 51
6950 7
6951 9
6952 7
6953 19
6954 7
6955 11
6956 7
6957 9
6958 7
6959 51
6960 7
6961 51
6962 7
6963 9
6964 7
6965 11
6966 7
6967 51
6968 7
6969 9
6970 7
6971 51
6972 7
6973 21
6974 7
6975 9
6976 7
6977 51
6978 7
6979 13
6980 7
6981 9
6982 7
6983 51
6984 7
6985 11
6986 7
6987 9
6988 7
6989 25
6990 7
6991 51
6992 7
6993 9
6994 7
6995 11
6996 7
6997 51
6998 7
6999 9
7000 7
7001 51
7002 7
7003 35
7004 7
7005 9
7006 7
7007 13
7008 7
7009 33
7010 7
7011 9
7012 7
7013 51
7014 7
7015 11
7016 7
7017 9
7018 7
7019 51
7020 7
7021 13
7022 7
7023 9
7024 7
7025 11
7026 7
7027 51
7028 7
7029 9
7030 7
7031 49
7032 7
7033 17
7034 7
7035 9
7036 7
7037 27
7038 7
7039 51
7040 7
7041 9
7042 7
7043 51
7044 7
7045 11
7046 7
7047 9
7048 7
7049 13
7050 7
7051 15
7052 7
7053 9
7054 7
7055 11
7056 7
7057 51
7058 7
7059 9
7060 7
7061 23
7062 7
7063 13
7064 7
7065 9
7066 7
7067 29
7068 7
7069 51
7070 7
7071 9
7072 7
7073 15
7074 7
7075 11
7076 7
7077 9
7078 7
7079 51
7080 7
7081 47
7082 7
7083 9
7084 7
7085 11
7086 7
7087 21
7088 7
7089 9
7090 7
7091 13
7092 7
7093 31
7094 7
7095 9
7096 7
7097 35
7098 7
7099 27
7100 7
7101 9
7102 7
7103 51
7104 7
7105 11
7106 7
7107 9
7108 7
7109 51
7110 7
7111 17
7112 7
7113 9
7114 7
7115 11
7116 7
7117 15
7118 7
7119 9
7120 7
7121 51
7122 7
7123 19
7124 7
7125 9
7126 7
7127 51
7128 7
7129 51
7130 7
7131 9
7132 7
7133 13
7134 7
7135 11
7136 7
7137 9
7138 7
7139 15
7140 7
7141 29
7142 7
7143 9
7144 7
7145 11
7146 7
7147 13
7148 7
7149 9
7150 7
7151 51
7152 7
7153 23
7154 7
7155 9
7156 7
7157 19
7158 7
7159 51
7160 7
7161 9
7162 7
7163 17
7164 7
7165 11
7166 7
7167 9
7168 7
7169 43
7170 7
7171 45
7172 7
7173 9
7174 7
7175 11
7176 7
7177 51
7178 7
7179 9
7180 7
7181 33
7182 7
7183 15
7184 7
7185 9
7186 7
7187 51
7188 7
7189 13
7190 7
7191 9
7192 7
7193 51
7194 7
7195 11
7196 7
7197 9
7198 7
7199 23
7200 7
7201 21
7202 7
7203 9
7204 7
7205 11
7206 7
7207 51
7208 7
7209 9
7210 7
7211 51
7212 7
7213 51
7214 7
7215 9
7216 7
7217 13
7218 7
7219 51
7220 7
7221 9
7222 7
7223 27
7224 7
7225 11
7226 7
7227 9
7228 7
7229 51
7230 7
7231 13
7232 7
7233 9
7234 7
7235 11
7236 7
7237 51
7238 7
7239 9
7240 7
7241 17
7242 7
7243 51
7244 7
7245 9
7246 7
7247 51
7248 7
7249 15
7250 7
7251 9
7252 7
7253 51
7254 7
7255 11
7256 7
7257 9
7258 7
7259 13
7260 7
7261 37
7262 7
7263 9
7264 7
7265 11
7266 7
7267 17
7268 7
7269 9
7270 7
7271 15
7272 7
7273 13
7274 7
7275 9
7276 7
7277 21
7278 7
7279 25
7280 7
7281 9
7282 7
7283 51
7284 7
7285 11
7286 7
7287 9
7288 7
7289 29
7290 7
7291 23
7292 7
7293 9
7294 7
7295 11
7296 7
7297 51
7298 7
7299 9
7300 7
7301 13
7302 7
7303 43
7304 7
7305 9
7306 7
7307 51
7308 7
7309 51
7310 7
7311 9
7312 7
7313 45
7314 7
7315 11
7316 7
7317 9
7318 7
7319 17
7320 7
7321 51
7322 7
7323 9
7324 7
7325 11
7326 7
7327 19
7328 7
7329 9
7330 7
7331 51
7332 7
7333 51
7334 7
7335 9
7336 7
7337 15
7338 7
7339 31
7340 7
7341 9
7342 7
7343 13
7344 7
7345 11
7346 7
7347 9
7348 7
7349 51
7350 7
7351 51
7352 7
7353 9
7354 7
7355 11
7356 7
7357 13
7358 7
7359 9
7360 7
7361 19
7362 7
7363 29
7364 7
7365 9
7366 7
7367 37
7368 7
7369 51
7370 7
7371 9
7372 7
7373 47
7374 7
7375 11
7376 7
7377 9
7378 7
7379 35
7380 7
7381 15
7382 7
7383 9
7384 7
7385 11
7386 7
7387 51
7388 7
7389 9
7390 7
7391 21
7392 7
7393 51
7394 7
7395 9
7396 7
7397 17
7398 7
7399 13
7400 7
7401 9
7402 7
7403 15
7404 7
7405 11
7406 7
7407 9
7408 7
7409 27
7410 7
7411 51
7412 7
7413 9
7414 7
7415 11
7416 7
7417 51
7418 7
7419 9
7420 7
7421 31
7422 7
7423 17
7424 7
7425 9
7426 7
7427 13
7428 7
7429 19
7430 7
7431 9
7432 7
7433 51
7434 7
7435 11
7436 7
7437 9
7438 7
7439 33
7440 7
7441 13
7442 7
7443 9
7444 7
7445 11
7446 7
7447 15
7448 7
7449 9
7450 7
7451 51
7452 7
7453 25
7454 7
7455 9
7456 7
7457 51
7458 7
7459 51
7460 7
7461 9
7462 7
7463 19
7464 7
7465 11
7466 7
7467 9
7468 7
7469 13
7470 7
7471 27
7472 7
7473 9
7474 7
7475 11
7476 7
7477 51
7478 7
7479 9
7480 7
7481 51
7482 7
7483 13
7484 7
7485 9
7486 7
7487 51
7488 7
7489 51
7490 7
7491 9
7492 7
7493 39
7494 7
7495 11
7496 7
7497 9
7498 7
7499 51
7500 7
7501 17
7502 7
7503 9
7504 7
7505 11
7506 7
7507 51
7508 7
7509 9
7510 7
7511 13
7512 7
7513 15
7514 7
7515 9
7516 7
7517 51
7518 7
7519 47
7520 7
7521 9
7522 7
7523 51
7524 7
7525 11
7526 7
7527 9
7528 7
7529 51
7530 7
7531 19
7532 7
7533 9
7534 7
7535 11
7536 7
7537 51
7538 7
7539 9
7540 7
7541 51
7542 7
7543 21
7544 7
7545 9
7546 7
7547 51
7548 7
7549 51
7550 7
7551 9
7552 7
7553 13
7554 7
7555 11
7556 7
7557 9
7558 7
7559 51
7560 7
7561 51
7562 7
7563 9
7564 7
7565 11
7566 7
7567 13
7568 7
7569 9
7570 7
7571 43
7572 7
7573 51
7574 7
7575 9
7576 7
7577 51
7578 7
7579 15
7580 7
7581 9
7582 7
7583 51
7584 7
7585 11
7586 7
7587 9
7588 7
7589 51
7590 7
7591 51
7592 7
7593 9
7594 7
7595 11
7596 7
7597 45
7598 7
7599 9
7600 7
7601 15
7602 7
7603 51
7604 7
7605 9
7606 7
7607 51
7608 7
7609 13
7610 7
7611 9
7612 7
7613 23
7614 7
7615 11
7616 7
7617 9
7618 7
7619 21
7620 7
7621 51
7622 7
7623 9
7624 7
7625 11
7626 7
7627 25
7628 7
7629 9
7630 7
7631 17
7632 7
7633 19
7634 7
7635 9
7636 7
7637 13
7638 7
7639 51
7640 7
7641 9
7642 7
7643 51
7644 7
7645 11
7646 7
7647 9
7648 7
7649 51
7650 7
7651 13
7652 7
7653 9
7654 7
7655 11
7656 7
7657 17
7658 7
7659 9
7660 7
7661 35
7662 7
7663 49
7664 7
7665 9
7666 7
7667 15
7668 7
7669 51
7670 7
7671 9
7672 7
7673 51
7674 7
7675 11
7676 7
7677 9
7678 7
7679 13
7680 7
7681 51
7682 7
7683 9
7684 7
7685 11
7686 7
7687 51
7688 7
7689 9
7690 7
7691 51
7692 7
7693 13
7694 7
7695 9
7696 7
7697 33
7698 7
7699 51
7700 7
7701 9
7702 7
7703 51
7704 7
7705 11
7706 7
7707 9
7708 7
7709 17
7710 7
7711 15
7712 7
7713 9
7714 7
7715 11
7716 7
7717 51
7718 7
7719 9
7720 7
7721 13
7722 7
7723 51
7724 7
7725 9
7726 7
7727 51
7728 7
7729 39
7730 7
7731 9
7732 7
7733 15
7734 7
7735 11
7736 7
7737 9
7738 7
7739 45
7740 7
7741 51
7742 7
7743 9
7744 7
7745 11
7746 7
7747 41
7748 7
7749 9
7750 7
7751 23
7752 7
7753 51
7754 7
7755 9
7756 7
7757 51
7758 7
7759 51
7760 7
7761 9
7762 7
7763 13
7764 7
7765 11
7766 7
7767 9
7768 7
7769 19
7770 7
7771 21
7772 7
7773 9
7774 7
7775 11
7776 7
7777 13
7778 7
7779 9
7780 7
7781 27
7782 7
7783 33
7784 7
7785 9
7786 7
7787 17
7788 7
7789 51
7790 7
7791 9
7792 7
7793 51
7794 7
7795 11
7796 7
7797 9
7798 7
7799 15
7800 7
7801 25
7802 7
7803 9
7804 7
7805 11
7806 7
7807 29
7808 7
7809 9
7810 7
7811 47
7812 7
7813 17
7814 7
7815 9
7816 7
7817 51
7818 7
7819 13
7820 7
7821 9
7822 7
7823 51
7824 7
7825 11
7826 7
7827 9
7828 7
7829 51
7830 7
7831 31
7832 7
7833 9
7834 7
7835 11
7836 7
7837 19
7838 7
7839 9
7840 7
7841 53
7842 7
7843 15
7844 7
7845 9
7846 7
7847 13
7848 7
7849 35
7850 7
7851 9
7852 7
7853 53
7854 7
7855 11
7856 7
7857 9
7858 7
7859 25
7860 7
7861 13
7862 7
7863 9
7864 7
7865 11
7866 7
7867 53
7868 7
7869 9
7870 7
7871 19
7872 7
7873 53
7874 7
7875 9
7876 7
7877 53
7878 7
7879 53
7880 7
7881 9
7882 7
7883 53
7884 7
7885 11
7886 7
7887 9
7888 7
7889 13
7890 7
7891 17
7892 7
7893 9
7894 7
7895 11
7896 7
7897 37
7898 7
7899 9
7900 7
7901 53
7902 7
7903 13
7904 7
7905 9
7906 7
7907 53
7908 7
7909 15
7910 7
7911 9
7912 7
7913 31
7914 7
7915 11
7916 7
7917 9
7918 7
7919 53
7920 7
7921 53
7922 7
7923 9
7924 7
7925 11
7926 7
7927 53
7928 7
7929 9
7930 7
7931 13
7932 7
7933 53
7934 7
7935 9
7936 7
7937 53
7938 7
7939 19
7940 7
7941 9
7942 7
7943 17
7944 7
7945 11
7946 7
7947 9
7948 7
7949 53
7950 7
7951 53
7952 7
7953 9
7954 7
7955 11
7956 7
7957 47
7958 7
7959 9
7960 7
7961 21
7962 7
7963 53
7964 7
7965 9
7966 7
7967 27
7968 7
7969 17
7970 7
7971 9
7972 7
7973 13
7974 7
7975 11
7976 7
7977 9
7978 7
7979 49
7980 7
7981 23
7982 7
7983 9
7984 7
7985 11
7986 7
7987 13
7988 7
7989 9
7990 7
7991 41
7992 7
7993 53
7994 7
7995 9
7996 7
7997 15
7998 7
7999 21
8000 7
8001 9
8002 7
8003 37
8004 7
8005 11
8006 7
8007 9
8008 7
8009 53
8010 7
8011 53
8012 7
8013 9
8014 7
8015 11
8016 7
8017 53
8018 7
8019 9
8020 7
8021 17
8022 7
8023 45
8024 7
8025 9
8026 7
8027 23
8028 7
8029 13
8030 7
8031 9
8032 7
8033 25
8034 7
8035 11
8036 7
8037 9
8038 7
8039 53
8040 7
8041 15
8042 7
8043 9
8044 7
8045 11
8046 7
8047 17
8048 7
8049 9
8050 7
8051 51
8052 7
8053 53
8054 7
8055 9
8056 7
8057 13
8058 7
8059 53
8060 7
8061 9
8062 7
8063 15
8064 7
8065 11
8066 7
8067 9
8068 7
8069 53
8070 7
8071 13
8072 7
8073 9
8074 7
8075 11
8076 7
8077 31
8078 7
8079 9
8080 7
8081 53
8082 7
8083 39
8084 7
8085 9
8086 7
8087 53
8088 7
8089 53
8090 7
8091 9
8092 7
8093 53
8094 7
8095 11
8096 7
8097 9
8098 7
8099 13
8100 7
8101 53
8102 7
8103 9
8104 7
8105 11
8106 7
8107 15
8108 7
8109 9
8110 7
8111 53
8112 7
8113 13
8114 7
8115 9
8116 7
8117 53
8118 7
8119 23
8120 7
8121 9
8122 7
8123 53
8124 7
8125 11
8126 7
8127 9
8128 7
8129 15
8130 7
8131 35
8132 7
8133 9
8134 7
8135 11
8136 7
8137 49
8138 7
8139 9
8140 7
8141 13
8142 7
8143 19
8144 7
8145 9
8146 7
8147 53
8148 7
8149 25
8150 7
8151 9
8152 7
8153 27
8154 7
8155 11
8156 7
8157 9
8158 7
8159 31
8160 7
8161 53
8162 7
8163 9
8164 7
8165 11
8166 7
8167 53
8168 7
8169 9
8170 7
8171 53
8172 7
8173 15
8174 7
8175 9
8176 7
8177 17
8178 7
8179 53
8180 7
8181 9
8182 7
8183 13
8184 7
8185 11
8186 7
8187 9
8188 7
8189 21
8190 7
8191 53
8192 7
8193 9
8194 7
8195 11
8196 7
8197 13
8198 7
8199 9
8200 7
8201 39
8202 7
8203 17
8204 7
8205 9
8206 7
8207 25
8208 7
8209 53
8210 7
8211 9
8212 7
8213 33
8214 7
8215 11
8216 7
8217 9
8218 7
8219 53
8220 7
8221 53
8222 7
8223 9
8224 7
8225 11
8226 7
8227 21
8228 7
8229 9
8230 7
8231 53
8232 7
8233 53
8234 7
8235 9
8236 7
8237 53
8238 7
8239 13
8240 7
8241 9
8242 7
8243 53
8244 7
8245 11
8246 7
8247 9
8248 7
8249 47
8250 7
8251 29
8252 7
8253 9
8254 7
8255 11
8256 7
8257 23
8258 7
8259 9
8260 7
8261 15
8262 7
8263 53
8264 7
8265 9
8266 7
8267 13
8268 7
8269 53
8270 7
8271 9
8272 7
8273 53
8274 7
8275 11
8276 7
8277 9
8278 7
8279 19
8280 7
8281 13
8282 7
8283 9
8284 7
8285 11
8286 7
8287 53
8288 7
8289 9
8290 7
8291 53
8292 7
8293 53
8294 7
8295 9
8296 7
8297 53
8298 7
8299 33
8300 7
8301 9
8302 7
8303 21
8304 7
8305 11
8306 7
8307 9
8308 7
8309 13
8310 7
8311 53
8312 7
8313 9
8314 7
8315 11
8316 7
8317 53
8318 7
8319 9
8320 7
8321 37
8322 7
8323 13
8324 7
8325 9
8326 7
8327 15
8328 7
8329 53
8330 7
8331 9
8332 7
8333 17
8334 7
8335 11
8336 7
8337 9
8338 7
8339 27
8340 7
8341 21
8342 7
8343 9
8344 7
8345 11
8346 7
8347 19
8348 7
8349 9
8350 7
8351 13
8352 7
8353 53
8354 7
8355 9
8356 7
8357 41
8358 7
8359 17
8360 7
8361 9
8362 7
8363 53
8364 7
8365 11
8366 7
8367 9
8368 7
8369 53
8370 7
8371 15
8372 7
8373 9
8374 7
8375 11
8376 7
8377 53
8378 7
8379 9
8380 7
8381 19
8382 7
8383 51
8384 7
8385 9
8386 7
8387 53
8388 7
8389 53
8390 7
8391 9
8392 7
8393 13
8394 7
8395 11
8396 7
8397 9
8398 7
8399 29
8400 7
8401 27
8402 7
8403 9
8404 7
8405 11
8406 7
8407 13
8408 7
8409 9
8410 7
8411 17
8412 7
8413 35
8414 7
8415 9
8416 7
8417 21
8418 7
8419 53
8420 7
8421 9
8422 7
8423 53
8424 7
8425 11
8426 7
8427 9
8428 7
8429 53
8430 7
8431 53
8432 7
8433 9
8434 7
8435 11
8436 7
8437 15
8438 7
8439 9
8440 7
8441 23
8442 7
8443 53
8444 7
8445 9
8446 7
8447 53
8448 7
8449 13
8450 7
8451 9
8452 7
8453 49
8454 7
8455 11
8456 7
8457 9
8458 7
8459 15
8460 7
8461 53
8462 7
8463 9
8464 7
8465 11
8466 7
8467 53
8468 7
8469 9
8470 7
8471 33
8472 7
8473 29
8474 7
8475 9
8476 7
8477 13
8478 7
8479 41
8480 7
8481 9
8482 7
8483 19
8484 7
8485 11
8486 7
8487 9
8488 7
8489 17
8490 7
8491 13
8492 7
8493 9
8494 7
8495 11
8496 7
8497 25
8498 7
8499 9
8500 7
8501 53
8502 7
8503 15
8504 7
8505 9
8506 7
8507 35
8508 7
8509 43
8510 7
8511 9
8512 7
8513 53
8514 7
8515 11
8516 7
8517 9
8518 7
8519 13
8520 7
8521 53
8522 7
8523 9
8524 7
8525 11
8526 7
8527 53
8528 7
8529 9
8530 7
8531 21
8532 7
8533 13
8534 7
8535 9
8536 7
8537 53
8538 7
8539 53
8540 7
8541 9
8542 7
8543 53
8544 7
8545 11
8546 7
8547 9
8548 7
8549 51
8550 7
8551 19
8552 7
8553 9
8554 7
8555 11
8556 7
8557 33
8558 7
8559 9
8560 7
8561 13
8562 7
8563 53
8564 7
8565 9
8566 7
8567 17
8568 7
8569 15
8570 7
8571 9
8572 7
8573 53
8574 7
8575 11
8576 7
8577 9
8578 7
8579 23
8580 7
8581 53
8582 7
8583 9
8584 7
8585 11
8586 7
8587 27
8588 7
8589 9
8590 7
8591 15
8592 7
8593 17
8594 7
8595 9
8596 7
8597 53
8598 7
8599 53
8600 7
8601 9
8602 7
8603 13
8604 7
8605 11
8606 7
8607 9
8608 7
8609 53
8610 7
8611 49
8612 7
8613 9
8614 7
8615 11
8616 7
8617 13
8618 7
8619 9
8620 7
8621 29
8622 7
8623 53
8624 7
8625 9
8626 7
8627 53
8628 7
8629 53
8630 7
8631 9
8632 7
8633 53
8634 7
8635 11
8636 7
8637 9
8638 7
8639 37
8640 7
8641 53
8642 7
8643 9
8644 7
8645 11
8646 7
8647 53
8648 7
8649 9
8650 7
8651 31
8652 7
8653 19
8654 7
8655 9
8656 7
8657 15
8658 7
8659 13
8660 7
8661 9
8662 7
8663 53
8664 7
8665 11
8666 7
8667 9
8668 7
8669 53
8670 7
8671 17
8672 7
8673 9
8674 7
8675 11
8676 7
8677 53
8678 7
8679 9
8680 7
8681 53
8682 7
8683 21
8684 7
8685 9
8686 7
8687 13
8688 7
8689 53
8690 7
8691 9
8692 7
8693 53
8694 7
8695 11
8696 7
8697 9
8698 7
8699 53
8700 7
8701 13
8702 7
8703 9
8704 7
8705 11
8706 7
8707 53
8708 7
8709 9
8710 7
8711 27
8712 7
8713 53
8714 7
8715 9
8716 7
8717 23
8718 7
8719 53
8720 7
8721 9
8722 7
8723 15
8724 7
8725 11
8726 7
8727 9
8728 7
8729 13
8730 7
8731 53
8732 7
8733 9
8734 7
8735 11
8736 7
8737 53
8738 7
8739 9
8740 7
8741 53
8742 7
8743 13
8744 7
8745 9
8746 7
8747 53
8748 7
8749 17
8750 7
8751 9
8752 7
8753 53
8754 7
8755 11
8756 7
8757 9
8758 7
8759 21
8760 7
8761 53
8762 7
8763 9
8764 7
8765 11
8766 7
8767 15
8768 7
8769 9
8770 7
8771 13
8772 7
8773 27
8774 7
8775 9
8776 7
8777 43
8778 7
8779 53
8780 7
8781 9
8782 7
8783 53
8784 7
8785 11
8786 7
8787 9
8788 7
8789 15
8790 7
8791 39
8792 7
8793 9
8794 7
8795 11
8796 7
8797 21
8798 7
8799 9
8800 7
8801 17
8802 7
8803 53
8804 7
8805 9
8806 7
8807 53
8808 7
8809 23
8810 7
8811 9
8812 7
8813 13
8814 7
8815 11
8816 7
8817 9
8818 7
8819 53
8820 7
8821 53
8822 7
8823 9
8824 7
8825 11
8826 7
8827 13
8828 7
8829 9
8830 7
8831 53
8832 7
8833 15
8834 7
8835 9
8836 7
8837 53
8838 7
8839 53
8840 7
8841 9
8842 7
8843 29
8844 7
8845 11
8846 7
8847 9
8848 7
8849 53
8850 7
8851 37
8852 7
8853 9
8854 7
8855 11
8856 7
8857 19
8858 7
8859 9
8860 7
8861 53
8862 7
8863 53
8864 7
8865 9
8866 7
8867 53
8868 7
8869 13
8870 7
8871 9
8872 7
8873 21
8874 7
8875 11
8876 7
8877 9
8878 7
8879 17
8880 7
8881 51
8882 7
8883 9
8884 7
8885 11
8886 7
8887 53
8888 7
8889 9
8890 7
8891 19
8892 7
8893 53
8894 7
8895 9
8896 7
8897 13
8898 7
8899 15
8900 7
8901 9
8902 7
8903 25
8904 7
8905 11
8906 7
8907 9
8908 7
8909 39
8910 7
8911 13
8912 7
8913 9
8914 7
8915 11
8916 7
8917 29
8918 7
8919 9
8920 7
8921 15
8922 7
8923 53
8924 7
8925 9
8926 7
8927 49
8928 7
8929 53
8930 7
8931 9
8932 7
8933 53
8934 7
8935 11
8936 7
8937 9
8938 7
8939 13
8940 7
8941 53
8942 7
8943 9
8944 7
8945 11
8946 7
8947 23
8948 7
8949 9
8950 7
8951 53
8952 7
8953 13
8954 7
8955 9
8956 7
8957 17
8958 7
8959 19
8960 7
8961 9
8962 7
8963 53
8964 7
8965 11
8966 7
8967 9
8968 7
8969 53
8970 7
8971 53
8972 7
8973 9
8974 7
8975 11
8976 7
8977 35
8978 7
8979 9
8980 7
8981 13
8982 7
8983 17
8984 7
8985 9
8986 7
8987 15
8988 7
8989 53
8990 7
8991 9
8992 7
8993 19
8994 7
8995 11
8996 7
8997 9
8998 7
8999 53
9000 7
9001 53
9002 7
9003 9
9004 7
9005 11
9006 7
9007 53
9008 7
9009 9
9010 7
9011 53
9012 7
9013 53
9014 7
9015 9
9016 7
9017 45
9018 7
9019 25
9020 7
9021 9
9022 7
9023 13
9024 7
9025 11
9026 7
9027 9
9028 7
9029 53
9030 7
9031 15
9032 7
9033 9
9034 7
9035 11
9036 7
9037 13
9038 7
9039 9
9040 7
9041 53
9042 7
9043 53
9044 7
9045 9
9046 7
9047 51
9048 7
9049 53
9050 7
9051 9
9052 7
9053 15
9054 7
9055 11
9056 7
9057 9
9058 7
9059 53
9060 7
9061 17
9062 7
9063 9
9064 7
9065 11
9066 7
9067 53
9068 7
9069 9
9070 7
9071 35
9072 7
9073 33
9074 7
9075 9
9076 7
9077 25
9078 7
9079 13
9080 7
9081 9
9082 7
9083 27
9084 7
9085 11
9086 7
9087 9
9088 7
9089 41
9090 7
9091 53
9092 7
9093 9
9094 7
9095 11
9096 7
9097 15
9098 7
9099 9
9100 7
9101 21
9102 7
9103 53
9104 7
9105 9
9106 7
9107 13
9108 7
9109 53
9110 7
9111 9
9112 7
9113 17
9114 7
9115 11
9116 7
9117 9
9118 7
9119 15
9120 7
9121 13
9122 7
9123 9
9124 7
9125 11
9126 7
9127 53
9128 7
9129 9
9130 7
9131 23
9132 7
9133 53
9134 7
9135 9
9136 7
9137 53
9138 7
9139 17
9140 7
9141 9
9142 7
9143 31
9144 7
9145 11
9146 7
9147 9
9148 7
9149 13
9150 7
9151 53
9152 7
9153 9
9154 7
9155 11
9156 7
9157 53
9158 7
9159 9
9160 7
9161 53
9162 7
9163 13
9164 7
9165 9
9166 7
9167 53
9168 7
9169 37
9170 7
9171 9
9172 7
9173 53
9174 7
9175 11
9176 7
9177 9
9178 7
9179 43
9180 7
9181 53
9182 7
9183 9
9184 7
9185 11
9186 7
9187 53
9188 7
9189 9
9190 7
9191 13
9192 7
9193 25
9194 7
9195 9
9196 7
9197 19
9198 7
9199 53
9200 7
9201 9
9202 7
9203 53
9204 7
9205 11
9206 7
9207 9
9208 7
9209 53
9210 7
9211 41
9212 7
9213 9
9214 7
9215 11
9216 7
9217 17
9218 7
9219 9
9220 7
9221 53
9222 7
9223 23
9224 7
9225 9
9226 7
9227 53
9228 7
9229 15
9230 7
9231 9
9232 7
9233 13
9234 7
9235 11
9236 7
9237 9
9238 7
9239 53
9240 7
9241 53
9242 7
9243 9
9244 7
9245 11
9246 7
9247 13
9248 7
9249 9
9250 7
9251 15
9252 7
9253 21
9254 7
9255 9
9256 7
9257 53
9258 7
9259 35
9260 7
9261 9
9262 7
9263 39
9264 7
9265 11
9266 7
9267 9
9268 7
9269 17
9270 7
9271 47
9272 7
9273 9
9274 7
9275 11
9276 7
9277 53
9278 7
9279 9
9280 7
9281 53
9282 7
9283 53
9284 7
9285 9
9286 7
9287 29
9288 7
9289 13
9290 7
9291 9
9292 7
9293 53
9294 7
9295 11
9296 7
9297 9
9298 7
9299 19
9300 7
9301 45
9302 7
9303 9
9304 7
9305 11
9306 7
9307 31
9308 7
9309 9
9310 7
9311 53
9312 7
9313 43
9314 7
9315 9
9316 7
9317 13
9318 7
9319 55
9320 7
9321 9
9322 7
9323 55
9324 7
9325 11
9326 7
9327 9
9328 7
9329 21
9330 7
9331 13
9332 7
9333 9
9334 7
9335 11
9336 7
9337 55
9338 7
9339 9
9340 7
9341 55
9342 7
9343 55
9344 7
9345 9
9346 7
9347 17
9348 7
9349 55
9350 7
9351 9
9352 7
9353 35
9354 7
9355 11
9356 7
9357 9
9358 7
9359 13
9360 7
9361 15
9362 7
9363 9
9364 7
9365 11
9366 7
9367 19
9368 7
9369 9
9370 7
9371 55
9372 7
9373 13
9374 7
9375 9
9376 7
9377 55
9378 7
9379 51
9380 7
9381 9
9382 7
9383 15
9384 7
9385 11
9386 7
9387 9
9388 7
9389 31
9390 7
9391 55
9392 7
9393 9
9394 7
9395 11
9396 7
9397 55
9398 7
9399 9
9400 7
9401 13
9402 7
9403 55
9404 7
9405 9
9406 7
9407 23
9408 7
9409 55
9410 7
9411 9
9412 7
9413 55
9414 7
9415 11
9416 7
9417 9
9418 7
9419 55
9420 7
9421 55
9422 7
9423 9
9424 7
9425 11
9426 7
9427 15
9428 7
9429 9
9430 7
9431 55
9432 7
9433 55
9434 7
9435 9
9436 7
9437 55
9438 7
9439 55
9440 7
9441 9
9442 7
9443 13
9444 7
9445 11
9446 7
9447 9
9448 7
9449 15
9450 7
9451 17
9452 7
9453 9
9454 7
9455 11
9456 7
9457 13
9458 7
9459 9
9460 7
9461 55
9462 7
9463 55
9464 7
9465 9
9466 7
9467 55
9468 7
9469 19
9470 7
9471 9
9472 7
9473 55
9474 7
9475 11
9476 7
9477 9
9478 7
9479 55
9480 7
9481 21
9482 7
9483 9
9484 7
9485 11
9486 7
9487 37
9488 7
9489 9
9490 7
9491 55
9492 7
9493 15
9494 7
9495 9
9496 7
9497 55
9498 7
9499 13
9500 7
9501 9
9502 7
9503 17
9504 7
9505 11
9506 7
9507 9
9508 7
9509 29
9510 7
9511 55
9512 7
9513 9
9514 7
9515 11
9516 7
9517 27
9518 7
9519 9
9520 7
9521 55
9522 7
9523 53
9524 7
9525 9
9526 7
9527 13
9528 7
9529 17
9530 7
9531 9
9532 7
9533 55
9534 7
9535 11
9536 7
9537 9
9538 7
9539 55
9540 7
9541 13
9542 7
9543 9
9544 7
9545 11
9546 7
9547 55
9548 7
9549 9
9550 7
9551 55
9552 7
9553 31
9554 7
9555 9
9556 7
9557 21
9558 7
9559 15
9560 7
9561 9
9562 7
9563 47
9564 7
9565 11
9566 7
9567 9
9568 7
9569 13
9570 7
9571 19
9572 7
9573 9
9574 7
9575 11
9576 7
9577 41
9578 7
9579 9
9580 7
9581 15
9582 7
9583 13
9584 7
9585 9
9586 7
9587 55
9588 7
9589 33
9590 7
9591 9
9592 7
9593 37
9594 7
9595 11
9596 7
9597 9
9598 7
9599 25
9600 7
9601 55
9602 7
9603 9
9604 7
9605 11
9606 7
9607 17
9608 7
9609 9
9610 7
9611 13
9612 7
9613 55
9614 7
9615 9
9616 7
9617 39
9618 7
9619 55
9620 7
9621 9
9622 7
9623 55
9624 7
9625 11
9626 7
9627 9
9628 7
9629 55
9630 7
9631 55
9632 7
9633 9
9634 7
9635 11
9636 7
9637 23
9638 7
9639 9
9640 7
9641 27
9642 7
9643 55
9644 7
9645 9
9646 7
9647 15
9648 7
9649 55
9650 7
9651 9
9652 7
9653 13
9654 7
9655 11
9656 7
9657 9
9658 7
9659 17
9660 7
9661 55
9662 7
9663 9
9664 7
9665 11
9666 7
9667 13
9668 7
9669 9
9670 7
9671 21
9672 7
9673 19
9674 7
9675 9
9676 7
9677 55
9678 7
9679 55
9680 7
9681 9
9682 7
9683 23
9684 7
9685 11
9686 7
9687 9
9688 7
9689 55
9690 7
9691 15
9692 7
9693 9
9694 7
9695 11
9696 7
9697 55
9698 7
9699 9
9700 7
9701 53
9702 7
9703 27
9704 7
9705 9
9706 7
9707 19
9708 7
9709 13
9710 7
9711 9
9712 7
9713 15
9714 7
9715 11
9716 7
9717 9
9718 7
9719 55
9720 7
9721 55
9722 7
9723 9
9724 7
9725 11
9726 7
9727 45
9728 7
9729 9
9730 7
9731 29
9732 7
9733 55
9734 7
9735 9
9736 7
9737 13
9738 7
9739 55
9740 7
9741 9
9742 7
9743 55
9744 7
9745 11
9746 7
9747 9
9748 7
9749 55
9750 7
9751 13
9752 7
9753 9
9754 7
9755 11
9756 7
9757 15
9758 7
9759 9
9760 7
9761 33
9762 7
9763 17
9764 7
9765 9
9766 7
9767 55
9768 7
9769 55
9770 7
9771 9
9772 7
9773 25
9774 7
9775 11
9776 7
9777 9
9778 7
9779 13
9780 7
9781 55
9782 7
9783 9
9784 7
9785 11
9786 7
9787 55
9788 7
9789 9
9790 7
9791 55
9792 7
9793 13
9794 7
9795 9
9796 7
9797 55
9798 7
9799 31
9800 7
9801 9
9802 7
9803 55
9804 7
9805 11
9806 7
9807 9
9808 7
9809 19
9810 7
9811 55
9812 7
9813 9
9814 7
9815 11
9816 7
9817 55
9818 7
9819 9
9820 7
9821 13
9822 7
9823 15
9824 7
9825 9
9826 7
9827 27
9828 7
9829 55
9830 7
9831 9
9832 7
9833 55
9834 7
9835 11
9836 7
9837 9
9838 7
9839 55
9840 7
9841 17
9842 7
9843 9
9844 7
9845 11
9846 7
9847 33
9848 7
9849 9
9850 7
9851 55
9852 7
9853 39
9854 7
9855 9
9856 7
9857 55
9858 7
9859 55
9860 7
9861 9
9862 7
9863 13
9864 7
9865 11
9866 7
9867 9
9868 7
9869 45
9870 7
9871 55
9872 7
9873 9
9874 7
9875 11
9876 7
9877 13
9878 7
9879 9
9880 7
9881 31
9882 7
9883 55
9884 7
9885 9
9886 7
9887 55
9888 7
9889 15
9890 7
9891 9
9892 7
9893 17
9894 7
9895 11
9896 7
9897 9
9898 7
9899 21
9900 7
9901 55
9902 7
9903 9
9904 7
9905 11
9906 7
9907 55
9908 7
9909 9
9910 7
9911 15
9912 7
9913 23
9914 7
9915 9
9916 7
9917 35
9918 7
9919 13
9920 7
9921 9
9922 7
9923 55
9924 7
9925 11
9926 7
9927 9
9928 7
9929 55
9930 7
9931 55
9932 7
9933 9
9934 7
9935 11
9936 7
9937 21
9938 7
9939 9
9940 7
9941 55
9942 7
9943 41
9944 7
9945 9
9946 7
9947 13
9948 7
9949 55
9950 7
9951 9
9952 7
9953 29
9954 7
9955 11
9956 7
9957 9
9958 7
9959 23
9960 7
9961 13
9962 7
9963 9
9964 7
9965 11
9966 7
9967 55
9968 7
9969 9
9970 7
9971 17
9972 7
9973 55
9974 7
9975 9
9976 7
9977 15
9978 7
9979 19
9980 7
9981 9
9982 7
9983 43
9984 7
9985 11
9986 7
9987 9
9988 7
9989 13
9990 7
9991 55
9992 7
9993 9
9994 7
9995 11
9996 7
9997 17
9998 7
9999 9
10000 7
